15 -5 -4.81318 -4.59146 -4.32831 -4.016 -3.64535 -3.20545 -2.68338 -2.06376 -1.32839 -0.455634 0.58017 1.80948 3.26846 5 
-5 0.367879 0.402141 0.441935 0.486484 0.533107 0.575763 0.603339 0.598977 0.543586 0.42772 0.270029 0.122187 0.0336618 0.00446406 0.000203468 
-4.81318 0.402141 0.439594 0.483094 0.531792 0.582757 0.629385 0.659529 0.654762 0.594211 0.467555 0.295178 0.133567 0.0367968 0.00487981 0.000222418 
-4.59146 0.441935 0.483094 0.530899 0.584416 0.640424 0.691666 0.724794 0.719555 0.653012 0.513823 0.324387 0.146784 0.0404381 0.0053627 0.000244428 
-4.32831 0.486484 0.531792 0.584416 0.643327 0.704981 0.761389 0.797856 0.792088 0.718838 0.565618 0.357087 0.16158 0.0445144 0.00590328 0.000269067 
-4.016 0.533107 0.582757 0.640424 0.704981 0.772544 0.834358 0.874319 0.867999 0.787729 0.619825 0.391309 0.177066 0.0487805 0.00646903 0.000294853 
-3.64535 0.575763 0.629385 0.691666 0.761389 0.834358 0.901117 0.944276 0.93745 0.850758 0.669419 0.422619 0.191233 0.0526836 0.00698664 0.000318445 
-3.20545 0.603339 0.659529 0.724794 0.797856 0.874319 0.944276 0.989503 0.98235 0.891505 0.701481 0.44286 0.200392 0.0552069 0.00732126 0.000333697 
-2.68338 0.598977 0.654762 0.719555 0.792088 0.867999 0.93745 0.98235 0.975249 0.88506 0.69641 0.439659 0.198944 0.0548078 0.00726834 0.000331285 
-2.06376 0.543586 0.594211 0.653012 0.718838 0.787729 0.850758 0.891505 0.88506 0.803212 0.632008 0.399 0.180546 0.0497393 0.00659618 0.000300649 
-1.32839 0.42772 0.467555 0.513823 0.565618 0.619825 0.669419 0.701481 0.69641 0.632008 0.497295 0.313953 0.142063 0.0391374 0.00519021 0.000236565 
-0.455634 0.270029 0.295178 0.324387 0.357087 0.391309 0.422619 0.44286 0.439659 0.399 0.313953 0.198206 0.0896872 0.0247083 0.00327669 0.000149349 
0.58017 0.122187 0.133567 0.146784 0.16158 0.177066 0.191233 0.200392 0.198944 0.180546 0.142063 0.0896872 0.0405831 0.0111804 0.00148269 6.75798e-05 
1.80948 0.0336618 0.0367968 0.0404381 0.0445144 0.0487805 0.0526836 0.0552069 0.0548078 0.0497393 0.0391374 0.0247083 0.0111804 0.00308013 0.000408472 1.86178e-05 
3.26846 0.00446406 0.00487981 0.0053627 0.00590328 0.00646903 0.00698664 0.00732126 0.00726834 0.00659618 0.00519021 0.00327669 0.00148269 0.000408472 5.41695e-05 2.469e-06 
5 0.000203468 0.000222418 0.000244428 0.000269067 0.000294853 0.000318445 0.000333697 0.000331285 0.000300649 0.000236565 0.000149349 6.75798e-05 1.86178e-05 2.469e-06 1.12535e-07 


100 -5 -4.89899 -4.79798 -4.69697 -4.59596 -4.49495 -4.39394 -4.29293 -4.19192 -4.09091 -3.9899 -3.88889 -3.78788 -3.68687 -3.58586 -3.48485 -3.38384 -3.28283 -3.18182 -3.08081 -2.9798 -2.87879 -2.77778 -2.67677 -2.57576 -2.47475 -2.37374 -2.27273 -2.17172 -2.07071 -1.9697 -1.86869 -1.76768 -1.66667 -1.56566 -1.46465 -1.36364 -1.26263 -1.16162 -1.06061 -0.959596 -0.858586 -0.757576 -0.656566 -0.555556 -0.454545 -0.353535 -0.252525 -0.151515 -0.0505051 0.0505051 0.151515 0.252525 0.353535 0.454545 0.555556 0.656566 0.757576 0.858586 0.959596 1.06061 1.16162 1.26263 1.36364 1.46465 1.56566 1.66667 1.76768 1.86869 1.9697 2.07071 2.17172 2.27273 2.37374 2.47475 2.57576 2.67677 2.77778 2.87879 2.9798 3.08081 3.18182 3.28283 3.38384 3.48485 3.58586 3.68687 3.78788 3.88889 3.9899 4.09091 4.19192 4.29293 4.39394 4.49495 4.59596 4.69697 4.79798 4.89899 5 
-5 0.367879 0.386404 0.404869 0.422998 0.441127 0.458273 0.475374 0.491766 0.506845 0.521925 0.536111 0.547736 0.55936 0.570985 0.579492 0.585824 0.592156 0.598488 0.603141 0.602297 0.601454 0.60061 0.599766 0.598387 0.589357 0.580327 0.571297 0.562267 0.553237 0.544207 0.528765 0.51285 0.496935 0.481019 0.465104 0.449189 0.433274 0.415838 0.397588 0.379337 0.361086 0.342835 0.324585 0.306334 0.288083 0.269874 0.255457 0.241039 0.226622 0.212204 0.197787 0.18337 0.168952 0.154535 0.140118 0.1257 0.116686 0.109412 0.102138 0.0948639 0.0875899 0.080316 0.0730421 0.0657681 0.0584942 0.0512203 0.0439463 0.0366724 0.032477 0.0304555 0.0284341 0.0264126 0.0243911 0.0223697 0.0203482 0.0183267 0.0163053 0.0142838 0.0122623 0.0102409 0.00821941 0.00619795 0.0044287 0.00418016 0.00393162 0.00368307 0.00343453 0.00318599 0.00293744 0.0026889 0.00244036 0.00219181 0.00194327 0.00169473 0.00144618 0.00119764 0.000949098 0.000700555 0.000452012 0.000203468 
-4.89899 0.386404 0.405861 0.425256 0.444298 0.46334 0.48135 0.499311 0.516529 0.532368 0.548206 0.563107 0.575317 0.587527 0.599737 0.608672 0.615323 0.621974 0.628625 0.633512 0.632626 0.63174 0.630854 0.629967 0.628518 0.619034 0.609549 0.600064 0.59058 0.581095 0.57161 0.555391 0.538674 0.521958 0.505241 0.488525 0.471808 0.455092 0.436778 0.417608 0.398438 0.379269 0.360099 0.340929 0.321759 0.30259 0.283463 0.26832 0.253177 0.238033 0.22289 0.207747 0.192603 0.17746 0.162317 0.147173 0.13203 0.122561 0.114921 0.107281 0.0996407 0.0920005 0.0843603 0.0767201 0.0690799 0.0614397 0.0537994 0.0461592 0.038519 0.0341124 0.0319891 0.0298659 0.0277426 0.0256194 0.0234961 0.0213728 0.0192496 0.0171263 0.0150031 0.0128798 0.0107566 0.0086333 0.00651004 0.00465171 0.00439065 0.00412959 0.00386854 0.00360748 0.00334642 0.00308536 0.0028243 0.00256324 0.00230218 0.00204112 0.00178007 0.00151901 0.00125795 0.00099689 0.000735831 0.000474773 0.000213714 
-4.79798 0.404869 0.425256 0.445578 0.46553 0.485482 0.504352 0.523171 0.541212 0.557808 0.574403 0.590016 0.60281 0.615603 0.628396 0.637759 0.644728 0.651696 0.658665 0.663786 0.662857 0.661929 0.661 0.660071 0.658553 0.648615 0.638677 0.628739 0.618801 0.608864 0.598926 0.581931 0.564416 0.5469 0.529385 0.51187 0.494354 0.476839 0.45765 0.437564 0.417478 0.397393 0.377307 0.357221 0.337135 0.31705 0.297009 0.281142 0.265275 0.249408 0.233541 0.217674 0.201807 0.18594 0.170073 0.154206 0.138339 0.128418 0.120413 0.112408 0.104402 0.0963969 0.0883916 0.0803863 0.072381 0.0643757 0.0563704 0.048365 0.0403597 0.0357425 0.0335178 0.0312931 0.0290683 0.0268436 0.0246189 0.0223942 0.0201695 0.0179447 0.01572 0.0134953 0.0112706 0.00904586 0.00682114 0.004874 0.00460047 0.00432693 0.0040534 0.00377987 0.00350633 0.0032328 0.00295927 0.00268573 0.0024122 0.00213866 0.00186513 0.0015916 0.00131806 0.00104453 0.000770994 0.000497461 0.000223927 
-4.69697 0.422998 0.444298 0.46553 0.486375 0.50722 0.526935 0.546598 0.565446 0.582785 0.600124 0.616436 0.629802 0.643168 0.656534 0.666316 0.673597 0.680878 0.688159 0.693509 0.692538 0.691568 0.690598 0.689628 0.688042 0.677659 0.667276 0.656893 0.64651 0.636127 0.625744 0.607989 0.589689 0.571389 0.55309 0.53479 0.51649 0.498191 0.478143 0.457157 0.436172 0.415187 0.394202 0.373217 0.352231 0.331246 0.310309 0.293731 0.277154 0.260576 0.243999 0.227421 0.210844 0.194266 0.177689 0.161111 0.144534 0.134168 0.125805 0.117441 0.109077 0.100713 0.0923496 0.0839858 0.075622 0.0672583 0.0588945 0.0505307 0.0421669 0.037343 0.0350186 0.0326943 0.03037 0.0280456 0.0257213 0.0233969 0.0210726 0.0187483 0.0164239 0.0140996 0.0117752 0.00945091 0.00712657 0.00509225 0.00480647 0.00452068 0.0042349 0.00394912 0.00366334 0.00337756 0.00309177 0.00280599 0.00252021 0.00223443 0.00194865 0.00166286 0.00137708 0.0010913 0.000805518 0.000519736 0.000233954 
-4.59596 0.441127 0.46334 0.485482 0.50722 0.528959 0.549519 0.570024 0.58968 0.607762 0.625844 0.642855 0.656794 0.670733 0.684672 0.694873 0.702466 0.710059 0.717652 0.723231 0.72222 0.721208 0.720196 0.719184 0.71753 0.706702 0.695874 0.685046 0.674218 0.66339 0.652562 0.634046 0.614962 0.595878 0.576794 0.55771 0.538626 0.519542 0.498635 0.47675 0.454866 0.432981 0.411097 0.389212 0.367328 0.345443 0.323608 0.30632 0.289032 0.271744 0.254456 0.237168 0.21988 0.202592 0.185304 0.168016 0.150728 0.139919 0.131196 0.122474 0.113752 0.10503 0.0963075 0.0875853 0.0788631 0.0701408 0.0614186 0.0526964 0.0439741 0.0389434 0.0365195 0.0340955 0.0316716 0.0292476 0.0268236 0.0243997 0.0219757 0.0195518 0.0171278 0.0147039 0.0122799 0.00985596 0.00743201 0.00531049 0.00501246 0.00471443 0.0044164 0.00411837 0.00382034 0.00352231 0.00322428 0.00292625 0.00262822 0.00233019 0.00203216 0.00173413 0.0014361 0.00113807 0.000840041 0.000542011 0.000243981 
-4.49495 0.458273 0.48135 0.504352 0.526935 0.549519 0.570878 0.59218 0.612601 0.631385 0.65017 0.667842 0.682323 0.696804 0.711285 0.721883 0.729771 0.737659 0.745547 0.751343 0.750292 0.74924 0.748189 0.747138 0.74542 0.734171 0.722922 0.711673 0.700425 0.689176 0.677927 0.658691 0.638865 0.619039 0.599214 0.579388 0.559562 0.539736 0.518016 0.495281 0.472546 0.449811 0.427076 0.40434 0.381605 0.35887 0.336186 0.318226 0.300266 0.282306 0.264347 0.246387 0.228427 0.210467 0.192507 0.174547 0.156587 0.145357 0.136296 0.127235 0.118173 0.109112 0.100051 0.0909897 0.0819284 0.0728671 0.0638059 0.0547446 0.0456834 0.0404571 0.0379389 0.0354208 0.0329026 0.0303844 0.0278663 0.0253481 0.0228299 0.0203117 0.0177936 0.0152754 0.0127572 0.0102391 0.00772088 0.00551691 0.00520729 0.00489768 0.00458806 0.00427845 0.00396884 0.00365922 0.00334961 0.00303999 0.00273038 0.00242076 0.00211115 0.00180154 0.00149192 0.00118231 0.000872692 0.000563078 0.000253464 
-4.39394 0.475374 0.499311 0.523171 0.546598 0.570024 0.59218 0.614277 0.63546 0.654945 0.674431 0.692763 0.707784 0.722805 0.737826 0.748819 0.757002 0.765184 0.773366 0.779379 0.778288 0.777198 0.776108 0.775017 0.773235 0.761566 0.749898 0.738229 0.726561 0.714892 0.703223 0.68327 0.662704 0.642139 0.621573 0.601008 0.580442 0.559876 0.537346 0.513762 0.490179 0.466595 0.443012 0.419428 0.395845 0.372261 0.348731 0.330101 0.311471 0.292841 0.27421 0.25558 0.23695 0.21832 0.19969 0.18106 0.16243 0.150781 0.141382 0.131982 0.122583 0.113184 0.103784 0.0943849 0.0849855 0.0755862 0.0661868 0.0567874 0.047388 0.0419668 0.0393546 0.0367425 0.0341304 0.0315182 0.0289061 0.0262939 0.0236818 0.0210697 0.0184575 0.0158454 0.0132333 0.0106211 0.00800898 0.00572277 0.0054016 0.00508043 0.00475927 0.0044381 0.00411693 0.00379576 0.0034746 0.00315343 0.00283226 0.00251109 0.00218993 0.00186876 0.00154759 0.00122642 0.000905257 0.000584089 0.000262922 
-4.29293 0.491766 0.516529 0.541212 0.565446 0.58968 0.612601 0.63546 0.657372 0.67753 0.697687 0.716651 0.73219 0.74773 0.763269 0.774641 0.783105 0.79157 0.800034 0.806254 0.805126 0.803998 0.80287 0.801742 0.799899 0.787828 0.775757 0.763686 0.751615 0.739544 0.727473 0.706831 0.685556 0.664282 0.643007 0.621732 0.600457 0.579183 0.555875 0.531479 0.507082 0.482685 0.458288 0.433891 0.409495 0.385098 0.360756 0.341484 0.322211 0.302939 0.283666 0.264394 0.245121 0.225849 0.206576 0.187304 0.168031 0.155981 0.146257 0.136534 0.12681 0.117087 0.107363 0.0976396 0.0879161 0.0781926 0.0684691 0.0587456 0.0490221 0.0434139 0.0407117 0.0380095 0.0353073 0.0326051 0.0299029 0.0272006 0.0244984 0.0217962 0.019094 0.0163918 0.0136896 0.0109874 0.00828516 0.00592011 0.00558787 0.00525562 0.00492338 0.00459114 0.0042589 0.00392665 0.00359441 0.00326217 0.00292993 0.00259768 0.00226544 0.0019332 0.00160096 0.00126872 0.000936473 0.00060423 0.000271988 
-4.19192 0.506845 0.532368 0.557808 0.582785 0.607762 0.631385 0.654945 0.67753 0.698306 0.719081 0.738627 0.754642 0.770658 0.786673 0.798394 0.807118 0.815842 0.824567 0.830977 0.829815 0.828652 0.827489 0.826327 0.824426 0.811985 0.799544 0.787103 0.774662 0.762221 0.74978 0.728505 0.706578 0.684651 0.662724 0.640797 0.61887 0.596943 0.572921 0.547776 0.522631 0.497486 0.472341 0.447196 0.422051 0.396906 0.371818 0.351955 0.332091 0.312228 0.292364 0.272501 0.252637 0.232774 0.21291 0.193047 0.173183 0.160764 0.150742 0.14072 0.130699 0.120677 0.110655 0.100634 0.0906119 0.0805903 0.0705686 0.060547 0.0505253 0.0447451 0.0419601 0.039175 0.0363899 0.0336049 0.0308198 0.0280347 0.0252496 0.0224646 0.0196795 0.0168944 0.0141094 0.0113243 0.00853921 0.00610164 0.00575921 0.00541678 0.00507435 0.00473192 0.00438949 0.00404706 0.00370463 0.0033622 0.00301977 0.00267734 0.00233491 0.00199248 0.00165005 0.00130762 0.000965189 0.000622758 0.000280328 
-4.09091 0.521925 0.548206 0.574403 0.600124 0.625844 0.65017 0.674431 0.697687 0.719081 0.740475 0.760602 0.777094 0.793586 0.810078 0.822148 0.831131 0.840115 0.849099 0.8557 0.854503 0.853306 0.852108 0.850911 0.848954 0.836143 0.823332 0.810521 0.797709 0.784898 0.772087 0.750179 0.7276 0.70502 0.682441 0.659862 0.637282 0.614703 0.589966 0.564073 0.53818 0.512287 0.486394 0.460501 0.434608 0.408715 0.382881 0.362426 0.341972 0.321517 0.301063 0.280608 0.260154 0.239699 0.219245 0.19879 0.178336 0.165546 0.155227 0.144907 0.134587 0.124267 0.113947 0.103628 0.0933078 0.082988 0.0726682 0.0623483 0.0520285 0.0460764 0.0432084 0.0403405 0.0374726 0.0346047 0.0317367 0.0288688 0.0260009 0.0231329 0.020265 0.0173971 0.0145291 0.0116612 0.00879327 0.00628317 0.00593056 0.00557794 0.00522532 0.0048727 0.00452008 0.00416747 0.00381485 0.00346223 0.00310961 0.00275699 0.00240438 0.00205176 0.00169914 0.00134652 0.000993904 0.000641286 0.000288668 
-3.9899 0.536111 0.563107 0.590016 0.616436 0.642855 0.667842 0.692763 0.716651 0.738627 0.760602 0.781276 0.798216 0.815157 0.832097 0.844495 0.853722 0.86295 0.872178 0.878959 0.877729 0.876499 0.87527 0.87404 0.87203 0.85887 0.845711 0.832552 0.819392 0.806233 0.793073 0.77057 0.747377 0.724184 0.70099 0.677797 0.654604 0.631411 0.606002 0.579405 0.552808 0.526211 0.499615 0.473018 0.446421 0.419824 0.393288 0.372277 0.351267 0.330256 0.309246 0.288235 0.267225 0.246215 0.225204 0.204194 0.183183 0.170046 0.159446 0.148846 0.138245 0.127645 0.117045 0.106444 0.095844 0.0852437 0.0746434 0.064043 0.0534427 0.0473288 0.0443829 0.041437 0.0384911 0.0355452 0.0325994 0.0296535 0.0267076 0.0237617 0.0208158 0.0178699 0.014924 0.0119782 0.00903228 0.00645396 0.00609175 0.00572955 0.00536735 0.00500515 0.00464294 0.00428074 0.00391854 0.00355634 0.00319413 0.00283193 0.00246973 0.00210753 0.00174532 0.00138312 0.00102092 0.000658717 0.000296515 
-3.88889 0.547736 0.575317 0.60281 0.629802 0.656794 0.682323 0.707784 0.73219 0.754642 0.777094 0.798216 0.815524 0.832832 0.850139 0.862806 0.872234 0.881662 0.891089 0.898017 0.896761 0.895504 0.894248 0.892992 0.890938 0.877493 0.864048 0.850604 0.837159 0.823714 0.810269 0.787278 0.763582 0.739886 0.71619 0.692494 0.668798 0.645102 0.619142 0.591968 0.564795 0.537621 0.510448 0.483274 0.456101 0.428927 0.401815 0.380349 0.358883 0.337417 0.315951 0.294485 0.273019 0.251553 0.230087 0.208621 0.187155 0.173733 0.162903 0.152073 0.141243 0.130413 0.119582 0.108752 0.0979222 0.087092 0.0762618 0.0654317 0.0546015 0.048355 0.0453453 0.0423355 0.0393257 0.036316 0.0333062 0.0302964 0.0272867 0.0242769 0.0212672 0.0182574 0.0152476 0.0122379 0.00922812 0.0065939 0.00622384 0.00585379 0.00548373 0.00511367 0.00474362 0.00437356 0.00400351 0.00363345 0.00326339 0.00289334 0.00252328 0.00215322 0.00178317 0.00141311 0.00104306 0.000673 0.000302944 
-3.78788 0.55936 0.587527 0.615603 0.643168 0.670733 0.696804 0.722805 0.74773 0.770658 0.793586 0.815157 0.832832 0.850507 0.868182 0.881117 0.890745 0.900373 0.910001 0.917076 0.915793 0.91451 0.913227 0.911944 0.909846 0.896116 0.882386 0.868656 0.854926 0.841196 0.827466 0.803987 0.779788 0.755589 0.73139 0.707191 0.682992 0.658793 0.632282 0.604531 0.576781 0.549031 0.521281 0.493531 0.465781 0.43803 0.410343 0.388421 0.3665 0.344578 0.322657 0.300735 0.278814 0.256892 0.23497 0.213049 0.191127 0.17742 0.16636 0.1553 0.14424 0.13318 0.12212 0.11106 0.1 0.0889403 0.0778803 0.0668203 0.0557603 0.0493812 0.0463076 0.043234 0.0401603 0.0370867 0.0340131 0.0309394 0.0278658 0.0247922 0.0217185 0.0186449 0.0155712 0.0124976 0.00942397 0.00673384 0.00635593 0.00597802 0.00560011 0.0052222 0.00484429 0.00446638 0.00408847 0.00371056 0.00333265 0.00295474 0.00257683 0.00219892 0.00182101 0.0014431 0.00106519 0.000687283 0.000309373 
-3.68687 0.570985 0.599737 0.628396 0.656534 0.684672 0.711285 0.737826 0.763269 0.786673 0.810078 0.832097 0.850139 0.868182 0.886224 0.899428 0.909256 0.919084 0.928912 0.936134 0.934824 0.933515 0.932205 0.930895 0.928754 0.914739 0.900724 0.886708 0.872693 0.858677 0.844662 0.820695 0.795993 0.771291 0.746589 0.721887 0.697185 0.672484 0.645422 0.617095 0.588768 0.560441 0.532114 0.503787 0.47546 0.447133 0.418871 0.396493 0.374116 0.351739 0.329362 0.306985 0.284608 0.262231 0.239853 0.217476 0.195099 0.181108 0.169818 0.158528 0.147238 0.135948 0.124658 0.113368 0.102079 0.0907887 0.0794988 0.068209 0.0569191 0.0504075 0.04727 0.0441324 0.0409949 0.0378574 0.0347199 0.0315824 0.0284449 0.0253074 0.0221699 0.0190324 0.0158948 0.0127573 0.00961982 0.00687378 0.00648802 0.00610225 0.00571649 0.00533073 0.00494496 0.0045592 0.00417344 0.00378767 0.00340191 0.00301615 0.00263038 0.00224462 0.00185886 0.00147309 0.00108733 0.000701566 0.000315803 
-3.58586 0.579492 0.608672 0.637759 0.666316 0.694873 0.721883 0.748819 0.774641 0.798394 0.822148 0.844495 0.862806 0.881117 0.899428 0.912829 0.922804 0.932778 0.942753 0.950082 0.948753 0.947424 0.946094 0.944765 0.942592 0.928368 0.914144 0.89992 0.885695 0.871471 0.857247 0.832923 0.807853 0.782783 0.757713 0.732643 0.707573 0.682503 0.655038 0.626289 0.59754 0.568791 0.540042 0.511293 0.482544 0.453795 0.425112 0.402401 0.37969 0.35698 0.334269 0.311559 0.288848 0.266138 0.243427 0.220717 0.198006 0.183806 0.172348 0.16089 0.149432 0.137974 0.126516 0.115058 0.103599 0.0921414 0.0806833 0.0692252 0.0577672 0.0511585 0.0479743 0.04479 0.0416057 0.0384215 0.0352372 0.032053 0.0288687 0.0256844 0.0225002 0.0193159 0.0161317 0.0129474 0.00976315 0.0069762 0.00658468 0.00619317 0.00580166 0.00541015 0.00501864 0.00462713 0.00423562 0.00384411 0.0034526 0.00306109 0.00266957 0.00227806 0.00188655 0.00149504 0.00110353 0.000712019 0.000320508 
-3.48485 0.585824 0.615323 0.644728 0.673597 0.702466 0.729771 0.757002 0.783105 0.807118 0.831131 0.853722 0.872234 0.890745 0.909256 0.922804 0.932887 0.942971 0.953054 0.960463 0.95912 0.957776 0.956432 0.955089 0.952892 0.938512 0.924133 0.909753 0.895373 0.880993 0.866614 0.842024 0.81668 0.791336 0.765992 0.740649 0.715305 0.689961 0.662196 0.633133 0.604069 0.575006 0.545943 0.51688 0.487817 0.458754 0.429757 0.406798 0.383839 0.360881 0.337922 0.314963 0.292004 0.269046 0.246087 0.223128 0.20017 0.185814 0.174231 0.162648 0.151065 0.139481 0.127898 0.116315 0.104731 0.0931482 0.0815649 0.0699817 0.0583984 0.0517175 0.0484985 0.0452794 0.0420604 0.0388413 0.0356223 0.0324032 0.0291841 0.0259651 0.022746 0.019527 0.0163079 0.0130889 0.00986983 0.00705242 0.00665664 0.00626085 0.00586506 0.00546927 0.00507348 0.00467769 0.0042819 0.00388611 0.00349032 0.00309453 0.00269874 0.00230296 0.00190717 0.00151138 0.00111559 0.000719799 0.00032401 
-3.38384 0.592156 0.621974 0.651696 0.680878 0.710059 0.737659 0.765184 0.79157 0.815842 0.840115 0.86295 0.881662 0.900373 0.919084 0.932778 0.942971 0.953163 0.963355 0.970845 0.969487 0.968128 0.96677 0.965412 0.963192 0.948657 0.934121 0.919586 0.905051 0.890516 0.875981 0.851125 0.825507 0.79989 0.774272 0.748654 0.723036 0.697419 0.669353 0.639976 0.610599 0.581222 0.551844 0.522467 0.49309 0.463713 0.434402 0.411195 0.387988 0.364781 0.341574 0.318368 0.295161 0.271954 0.248747 0.22554 0.202333 0.187823 0.176114 0.164406 0.152697 0.140989 0.12928 0.117572 0.105864 0.094155 0.0824466 0.0707381 0.0590296 0.0522765 0.0490227 0.0457688 0.042515 0.0392611 0.0360073 0.0327534 0.0294996 0.0262457 0.0229919 0.0197381 0.0164842 0.0132304 0.00997651 0.00712865 0.00672859 0.00632852 0.00592845 0.00552838 0.00512832 0.00472825 0.00432818 0.00392812 0.00352805 0.00312798 0.00272792 0.00232785 0.00192778 0.00152771 0.00112765 0.000727579 0.000327512 
-3.28283 0.598488 0.628625 0.658665 0.688159 0.717652 0.745547 0.773366 0.800034 0.824567 0.849099 0.872178 0.891089 0.910001 0.928912 0.942753 0.953054 0.963355 0.973657 0.981227 0.979854 0.978481 0.977108 0.975735 0.973491 0.958801 0.94411 0.92942 0.914729 0.900039 0.885348 0.860227 0.834335 0.808443 0.782551 0.75666 0.730768 0.704876 0.676511 0.646819 0.617128 0.587437 0.557745 0.528054 0.498363 0.468671 0.439047 0.415592 0.392137 0.368682 0.345227 0.321772 0.298317 0.274862 0.251407 0.227952 0.204497 0.189831 0.177998 0.166164 0.15433 0.142497 0.130663 0.118829 0.106996 0.0951619 0.0833282 0.0714945 0.0596608 0.0528355 0.0495469 0.0462583 0.0429696 0.039681 0.0363923 0.0331037 0.029815 0.0265264 0.0232378 0.0199491 0.0166605 0.0133718 0.0100832 0.00720488 0.00680054 0.00639619 0.00599185 0.0055875 0.00518316 0.00477881 0.00437447 0.00397012 0.00356578 0.00316143 0.00275709 0.00235274 0.0019484 0.00154405 0.0011397 0.00073536 0.000331015 
-3.18182 0.603141 0.633512 0.663786 0.693509 0.723231 0.751343 0.779379 0.806254 0.830977 0.8557 0.878959 0.898017 0.917076 0.936134 0.950082 0.960463 0.970845 0.981227 0.988855 0.987472 0.986088 0.984705 0.983321 0.98106 0.966255 0.95145 0.936645 0.921841 0.907036 0.892231 0.866914 0.840821 0.814728 0.788635 0.762542 0.736449 0.710356 0.68177 0.651848 0.621926 0.592004 0.562082 0.532159 0.502237 0.472315 0.44246 0.418823 0.395186 0.371548 0.347911 0.324274 0.300636 0.276999 0.253361 0.229724 0.206087 0.191307 0.179381 0.167456 0.15553 0.143604 0.131679 0.119753 0.107827 0.0959017 0.083976 0.0720503 0.0601247 0.0532463 0.0499321 0.0466179 0.0433037 0.0399895 0.0366753 0.033361 0.0300468 0.0267326 0.0234184 0.0201042 0.01679 0.0134758 0.0101616 0.0072609 0.00685341 0.00644592 0.00603843 0.00563094 0.00522345 0.00481596 0.00440848 0.00400099 0.0035935 0.00318601 0.00277852 0.00237103 0.00196354 0.00155605 0.00114857 0.000741077 0.000333588 
-3.08081 0.602297 0.632626 0.662857 0.692538 0.72222 0.750292 0.778288 0.805126 0.829815 0.854503 0.877729 0.896761 0.915793 0.934824 0.948753 0.95912 0.969487 0.979854 0.987472 0.98609 0.984709 0.983327 0.981946 0.979687 0.964903 0.950119 0.935335 0.920551 0.905767 0.890983 0.865702 0.839645 0.813589 0.787532 0.761475 0.735419 0.709362 0.680816 0.650936 0.621056 0.591175 0.561295 0.531415 0.501534 0.471654 0.441841 0.418237 0.394633 0.371029 0.347424 0.32382 0.300216 0.276611 0.253007 0.229403 0.205798 0.191039 0.17913 0.167221 0.155312 0.143403 0.131494 0.119585 0.107677 0.0957675 0.0838585 0.0719495 0.0600406 0.0531718 0.0498622 0.0465527 0.0432431 0.0399335 0.0366239 0.0333144 0.0300048 0.0266952 0.0233857 0.0200761 0.0167665 0.0134569 0.0101474 0.00725074 0.00684382 0.0064369 0.00602998 0.00562306 0.00521614 0.00480923 0.00440231 0.00399539 0.00358847 0.00318155 0.00277463 0.00236771 0.0019608 0.00155388 0.00114696 0.00074004 0.000333121 
-2.9798 0.601454 0.63174 0.661929 0.691568 0.721208 0.74924 0.777198 0.803998 0.828652 0.853306 0.876499 0.895504 0.91451 0.933515 0.947424 0.957776 0.968128 0.978481 0.986088 0.984709 0.983329 0.981949 0.98057 0.978315 0.963551 0.948788 0.934025 0.919261 0.904498 0.889735 0.864489 0.838469 0.812449 0.786429 0.760409 0.734389 0.708369 0.679863 0.650024 0.620186 0.590347 0.560509 0.53067 0.500832 0.470993 0.441222 0.417651 0.39408 0.370509 0.346937 0.323366 0.299795 0.276224 0.252653 0.229081 0.20551 0.190772 0.178879 0.166987 0.155095 0.143203 0.13131 0.119418 0.107526 0.0956333 0.083741 0.0718487 0.0599564 0.0530973 0.0497924 0.0464874 0.0431825 0.0398776 0.0365726 0.0332677 0.0299628 0.0266578 0.0233529 0.020048 0.016743 0.0134381 0.0101331 0.00724058 0.00683423 0.00642788 0.00602153 0.00561519 0.00520884 0.00480249 0.00439614 0.00398979 0.00358344 0.00317709 0.00277075 0.0023644 0.00195805 0.0015517 0.00114535 0.000739003 0.000332655 
-2.87879 0.60061 0.630854 0.661 0.690598 0.720196 0.748189 0.776108 0.80287 0.827489 0.852108 0.87527 0.894248 0.913227 0.932205 0.946094 0.956432 0.96677 0.977108 0.984705 0.983327 0.981949 0.980572 0.979194 0.976942 0.9622 0.947457 0.932714 0.917972 0.903229 0.888486 0.863276 0.837292 0.811309 0.785325 0.759342 0.733358 0.707375 0.678909 0.649112 0.619316 0.589519 0.559722 0.529926 0.500129 0.470333 0.440603 0.417065 0.393527 0.369989 0.346451 0.322913 0.299374 0.275836 0.252298 0.22876 0.205222 0.190504 0.178629 0.166753 0.154877 0.143002 0.131126 0.11925 0.107375 0.0954992 0.0836236 0.0717479 0.0598723 0.0530228 0.0497225 0.0464222 0.0431219 0.0398216 0.0365213 0.033221 0.0299207 0.0266204 0.0233201 0.0200198 0.0167195 0.0134192 0.0101189 0.00723042 0.00682464 0.00641886 0.00601309 0.00560731 0.00520153 0.00479575 0.00438997 0.00398419 0.00357842 0.00317264 0.00276686 0.00236108 0.0019553 0.00154952 0.00114374 0.000737966 0.000332188 
-2.77778 0.599766 0.629967 0.660071 0.689628 0.719184 0.747138 0.775017 0.801742 0.826327 0.850911 0.87404 0.892992 0.911944 0.930895 0.944765 0.955089 0.965412 0.975735 0.983321 0.981946 0.98057 0.979194 0.977818 0.97557 0.960848 0.946126 0.931404 0.916682 0.90196 0.887238 0.862063 0.836116 0.810169 0.784222 0.758275 0.732328 0.706381 0.677955 0.6482 0.618445 0.588691 0.558936 0.529181 0.499427 0.469672 0.439984 0.416479 0.392974 0.369469 0.345964 0.322459 0.298954 0.275449 0.251944 0.228438 0.204933 0.190236 0.178378 0.166519 0.15466 0.142801 0.130942 0.119083 0.107224 0.095365 0.0835061 0.0716471 0.0597882 0.0529483 0.0496527 0.046357 0.0430613 0.0397657 0.03647 0.0331744 0.0298787 0.026583 0.0232874 0.0199917 0.016696 0.0134004 0.0101047 0.00722026 0.00681505 0.00640985 0.00600464 0.00559943 0.00519422 0.00478901 0.0043838 0.0039786 0.00357339 0.00316818 0.00276297 0.00235776 0.00195255 0.00154735 0.00114214 0.00073693 0.000331721 
-2.67677 0.598387 0.628518 0.658553 0.688042 0.71753 0.74542 0.773235 0.799899 0.824426 0.848954 0.87203 0.890938 0.909846 0.928754 0.942592 0.952892 0.963192 0.973491 0.98106 0.979687 0.978315 0.976942 0.97557 0.973326 0.958638 0.94395 0.929262 0.914574 0.899886 0.885198 0.86008 0.834193 0.808306 0.782418 0.756531 0.730644 0.704756 0.676396 0.64671 0.617023 0.587337 0.557651 0.527964 0.498278 0.468592 0.438973 0.415521 0.39207 0.368619 0.345168 0.321717 0.298266 0.274815 0.251364 0.227913 0.204462 0.189799 0.177967 0.166136 0.154304 0.142472 0.130641 0.118809 0.106977 0.0951457 0.083314 0.0714824 0.0596507 0.0528266 0.0495385 0.0462504 0.0429623 0.0396742 0.0363861 0.0330981 0.02981 0.0265219 0.0232338 0.0199457 0.0166576 0.0133696 0.0100815 0.00720366 0.00679938 0.00639511 0.00599083 0.00558655 0.00518228 0.004778 0.00437372 0.00396945 0.00356517 0.00316089 0.00275662 0.00235234 0.00194806 0.00154379 0.00113951 0.000735235 0.000330958 
-2.57576 0.589357 0.619034 0.648615 0.677659 0.706702 0.734171 0.761566 0.787828 0.811985 0.836143 0.85887 0.877493 0.896116 0.914739 0.928368 0.938512 0.948657 0.958801 0.966255 0.964903 0.963551 0.9622 0.960848 0.958638 0.944172 0.929705 0.915239 0.900772 0.886306 0.871839 0.847101 0.821605 0.796108 0.770611 0.745115 0.719618 0.694121 0.666189 0.63695 0.607712 0.578474 0.549235 0.519997 0.490759 0.46152 0.432348 0.409251 0.386154 0.363057 0.33996 0.316862 0.293765 0.270668 0.247571 0.224474 0.201377 0.186935 0.175282 0.163629 0.151975 0.140322 0.128669 0.117016 0.105363 0.0937099 0.0820568 0.0704037 0.0587505 0.0520294 0.0487909 0.0455524 0.042314 0.0390755 0.0358371 0.0325986 0.0293601 0.0261217 0.0228832 0.0196447 0.0164063 0.0131678 0.00992934 0.00709495 0.00669677 0.0062986 0.00590042 0.00550225 0.00510407 0.0047059 0.00430772 0.00390955 0.00351137 0.00311319 0.00271502 0.00231684 0.00191867 0.00152049 0.00112232 0.00072414 0.000325964 
-2.47475 0.580327 0.609549 0.638677 0.667276 0.695874 0.722922 0.749898 0.775757 0.799544 0.823332 0.845711 0.864048 0.882386 0.900724 0.914144 0.924133 0.934121 0.94411 0.95145 0.950119 0.948788 0.947457 0.946126 0.94395 0.929705 0.91546 0.901216 0.886971 0.872726 0.858481 0.834122 0.809016 0.78391 0.758804 0.733698 0.708592 0.683486 0.655981 0.627191 0.598401 0.56961 0.54082 0.51203 0.483239 0.454449 0.425724 0.402981 0.380237 0.357494 0.334751 0.312007 0.289264 0.266521 0.243778 0.221034 0.198291 0.184071 0.172596 0.161121 0.149647 0.138172 0.126698 0.115223 0.103749 0.0922741 0.0807995 0.0693249 0.0578504 0.0512322 0.0480433 0.0448545 0.0416657 0.0384768 0.035288 0.0320991 0.0289103 0.0257214 0.0225326 0.0193437 0.0161549 0.0129661 0.00977721 0.00698624 0.00659417 0.00620209 0.00581002 0.00541794 0.00502587 0.00463379 0.00424172 0.00384964 0.00345757 0.00306549 0.00267342 0.00228134 0.00188927 0.00149719 0.00110512 0.000713045 0.00032097 
-2.37374 0.571297 0.600064 0.628739 0.656893 0.685046 0.711673 0.738229 0.763686 0.787103 0.810521 0.832552 0.850604 0.868656 0.886708 0.89992 0.909753 0.919586 0.92942 0.936645 0.935335 0.934025 0.932714 0.931404 0.929262 0.915239 0.901216 0.887192 0.873169 0.859146 0.845123 0.821143 0.796428 0.771712 0.746997 0.722282 0.697566 0.672851 0.645774 0.617432 0.589089 0.560747 0.532405 0.504062 0.47572 0.447378 0.419099 0.39671 0.374321 0.351931 0.329542 0.307153 0.284763 0.262374 0.239984 0.217595 0.195206 0.181206 0.16991 0.158614 0.147318 0.136022 0.124726 0.11343 0.102134 0.0908383 0.0795423 0.0682462 0.0569502 0.050435 0.0472958 0.0441566 0.0410173 0.0378781 0.0347389 0.0315997 0.0284604 0.0253212 0.022182 0.0190427 0.0159035 0.0127643 0.00962507 0.00687754 0.00649156 0.00610559 0.00571961 0.00533364 0.00494766 0.00456169 0.00417572 0.00378974 0.00340377 0.00301779 0.00263182 0.00224585 0.00185987 0.0014739 0.00108792 0.000701949 0.000315975 
-2.27273 0.562267 0.59058 0.618801 0.64651 0.674218 0.700425 0.726561 0.751615 0.774662 0.797709 0.819392 0.837159 0.854926 0.872693 0.885695 0.895373 0.905051 0.914729 0.921841 0.920551 0.919261 0.917972 0.916682 0.914574 0.900772 0.886971 0.873169 0.859368 0.845566 0.831765 0.808164 0.783839 0.759515 0.73519 0.710865 0.68654 0.662216 0.635567 0.607673 0.579778 0.551884 0.523989 0.496095 0.468201 0.440306 0.412475 0.39044 0.368404 0.346369 0.324333 0.302298 0.280262 0.258227 0.236191 0.214156 0.19212 0.178342 0.167225 0.156107 0.14499 0.133872 0.122755 0.111637 0.10052 0.0894025 0.078285 0.0671675 0.05605 0.0496378 0.0465482 0.0434586 0.040369 0.0372794 0.0341898 0.0311002 0.0280106 0.024921 0.0218314 0.0187418 0.0156521 0.0125625 0.00947294 0.00676883 0.00638895 0.00600908 0.00562921 0.00524933 0.00486946 0.00448959 0.00410971 0.00372984 0.00334997 0.00297009 0.00259022 0.00221035 0.00183047 0.0014506 0.00107073 0.000690854 0.000310981 
-2.17172 0.553237 0.581095 0.608864 0.636127 0.66339 0.689176 0.714892 0.739544 0.762221 0.784898 0.806233 0.823714 0.841196 0.858677 0.871471 0.880993 0.890516 0.900039 0.907036 0.905767 0.904498 0.903229 0.90196 0.899886 0.886306 0.872726 0.859146 0.845566 0.831987 0.818407 0.795185 0.771251 0.747317 0.723383 0.699449 0.675515 0.65158 0.62536 0.597913 0.570467 0.543021 0.515574 0.488128 0.460681 0.433235 0.405851 0.384169 0.362488 0.340806 0.319124 0.297443 0.275761 0.25408 0.232398 0.210716 0.189035 0.175478 0.164539 0.1536 0.142661 0.131722 0.120783 0.109845 0.0989056 0.0879667 0.0770277 0.0660888 0.0551499 0.0488406 0.0458007 0.0427607 0.0397207 0.0366807 0.0336407 0.0306007 0.0275607 0.0245207 0.0214808 0.0184408 0.0154008 0.0123608 0.0093208 0.00666012 0.00628635 0.00591258 0.0055388 0.00516503 0.00479126 0.00441748 0.00404371 0.00366994 0.00329617 0.00292239 0.00254862 0.00217485 0.00180108 0.0014273 0.00105353 0.000679759 0.000305987 
-2.07071 0.544207 0.57161 0.598926 0.625744 0.652562 0.677927 0.703223 0.727473 0.74978 0.772087 0.793073 0.810269 0.827466 0.844662 0.857247 0.866614 0.875981 0.885348 0.892231 0.890983 0.889735 0.888486 0.887238 0.885198 0.871839 0.858481 0.845123 0.831765 0.818407 0.805049 0.782206 0.758662 0.735119 0.711575 0.688032 0.664489 0.640945 0.615153 0.588154 0.561156 0.534157 0.507159 0.48016 0.453162 0.426164 0.399226 0.377899 0.356571 0.335243 0.313916 0.292588 0.27126 0.249932 0.228605 0.207277 0.185949 0.172614 0.161854 0.151093 0.140333 0.129572 0.118812 0.108052 0.0972912 0.0865309 0.0757705 0.0650101 0.0542497 0.0480435 0.0450531 0.0420627 0.0390723 0.036082 0.0330916 0.0301012 0.0271109 0.0241205 0.0211301 0.0181398 0.0151494 0.012159 0.00916867 0.00655141 0.00618374 0.00581607 0.0054484 0.00508073 0.00471305 0.00434538 0.00397771 0.00361004 0.00324237 0.00287469 0.00250702 0.00213935 0.00177168 0.00140401 0.00103634 0.000668664 0.000300992 
-1.9697 0.528765 0.555391 0.581931 0.607989 0.634046 0.658691 0.68327 0.706831 0.728505 0.750179 0.77057 0.787278 0.803987 0.820695 0.832923 0.842024 0.851125 0.860227 0.866914 0.865702 0.864489 0.863276 0.862063 0.86008 0.847101 0.834122 0.821143 0.808164 0.795185 0.782206 0.760011 0.737136 0.71426 0.691385 0.668509 0.645634 0.622759 0.597698 0.571465 0.545233 0.519001 0.492768 0.466536 0.440304 0.414071 0.387898 0.367176 0.346453 0.325731 0.305008 0.284286 0.263563 0.242841 0.222118 0.201396 0.180673 0.167716 0.157261 0.146806 0.136351 0.125896 0.115441 0.104986 0.0945306 0.0840756 0.0736205 0.0631655 0.0527104 0.0466802 0.0437747 0.0408692 0.0379637 0.0350582 0.0321527 0.0292471 0.0263416 0.0234361 0.0205306 0.0176251 0.0147195 0.011814 0.00890851 0.00636552 0.00600828 0.00565104 0.0052938 0.00493656 0.00457932 0.00422208 0.00386484 0.0035076 0.00315037 0.00279313 0.00243589 0.00207865 0.00172141 0.00136417 0.00100693 0.000649691 0.000292452 
-1.86869 0.51285 0.538674 0.564416 0.589689 0.614962 0.638865 0.662704 0.685556 0.706578 0.7276 0.747377 0.763582 0.779788 0.795993 0.807853 0.81668 0.825507 0.834335 0.840821 0.839645 0.838469 0.837292 0.836116 0.834193 0.821605 0.809016 0.796428 0.783839 0.771251 0.758662 0.737136 0.714949 0.692762 0.670575 0.648388 0.626201 0.604014 0.579708 0.554265 0.528822 0.50338 0.477937 0.452494 0.427051 0.401608 0.376223 0.356124 0.336026 0.315927 0.295828 0.275729 0.25563 0.235532 0.215433 0.195334 0.175235 0.162668 0.152528 0.142387 0.132247 0.122107 0.111966 0.101826 0.0916854 0.081545 0.0714046 0.0612643 0.0511239 0.0452752 0.0424572 0.0396391 0.036821 0.034003 0.0311849 0.0283668 0.0255488 0.0227307 0.0199126 0.0170946 0.0142765 0.0114584 0.00864037 0.00617393 0.00582744 0.00548095 0.00513446 0.00478798 0.00444149 0.004095 0.00374852 0.00340203 0.00305554 0.00270906 0.00236257 0.00201608 0.0016696 0.00132311 0.000976623 0.000630136 0.000283649 
-1.76768 0.496935 0.521958 0.5469 0.571389 0.595878 0.619039 0.642139 0.664282 0.684651 0.70502 0.724184 0.739886 0.755589 0.771291 0.782783 0.791336 0.79989 0.808443 0.814728 0.813589 0.812449 0.811309 0.810169 0.808306 0.796108 0.78391 0.771712 0.759515 0.747317 0.735119 0.71426 0.692762 0.671264 0.649765 0.628267 0.606769 0.58527 0.561718 0.537065 0.512411 0.487758 0.463105 0.438452 0.413799 0.389145 0.364548 0.345073 0.325598 0.306123 0.286648 0.267173 0.247697 0.228222 0.208747 0.189272 0.169797 0.15762 0.147794 0.137969 0.128143 0.118317 0.108492 0.0986658 0.0888401 0.0790144 0.0691887 0.0593631 0.0495374 0.0438702 0.0411396 0.038409 0.0356784 0.0329478 0.0302171 0.0274865 0.0247559 0.0220253 0.0192947 0.0165641 0.0138335 0.0111029 0.00837224 0.00598233 0.0056466 0.00531086 0.00497513 0.00463939 0.00430366 0.00396792 0.00363219 0.00329646 0.00296072 0.00262499 0.00228925 0.00195352 0.00161778 0.00128205 0.000946316 0.000610581 0.000274847 
-1.66667 0.481019 0.505241 0.529385 0.55309 0.576794 0.599214 0.621573 0.643007 0.662724 0.682441 0.70099 0.71619 0.73139 0.746589 0.757713 0.765992 0.774272 0.782551 0.788635 0.787532 0.786429 0.785325 0.784222 0.782418 0.770611 0.758804 0.746997 0.73519 0.723383 0.711575 0.691385 0.670575 0.649765 0.628955 0.608146 0.587336 0.566526 0.543728 0.519864 0.496001 0.472137 0.448273 0.42441 0.400546 0.376682 0.352873 0.334021 0.31517 0.296319 0.277467 0.258616 0.239765 0.220913 0.202062 0.18321 0.164359 0.152572 0.143061 0.13355 0.124039 0.114528 0.105017 0.0955059 0.0859949 0.0764839 0.0669729 0.0574619 0.0479509 0.0424652 0.039822 0.0371789 0.0345357 0.0318925 0.0292494 0.0266062 0.0239631 0.0213199 0.0186767 0.0160336 0.0133904 0.0107473 0.0081041 0.00579074 0.00546575 0.00514077 0.00481579 0.00449081 0.00416583 0.00384085 0.00351586 0.00319088 0.0028659 0.00254092 0.00221594 0.00189095 0.00156597 0.00124099 0.000916008 0.000591026 0.000266044 
-1.56566 0.465104 0.488525 0.51187 0.53479 0.55771 0.579388 0.601008 0.621732 0.640797 0.659862 0.677797 0.692494 0.707191 0.721887 0.732643 0.740649 0.748654 0.75666 0.762542 0.761475 0.760409 0.759342 0.758275 0.756531 0.745115 0.733698 0.722282 0.710865 0.699449 0.688032 0.668509 0.648388 0.628267 0.608146 0.588024 0.567903 0.547782 0.525738 0.502664 0.47959 0.456516 0.433442 0.410368 0.387293 0.364219 0.341197 0.32297 0.304742 0.286515 0.268287 0.250059 0.231832 0.213604 0.195376 0.177149 0.158921 0.147524 0.138328 0.129131 0.119935 0.110739 0.101542 0.092346 0.0831496 0.0739533 0.064757 0.0555607 0.0463643 0.0410602 0.0385045 0.0359488 0.0333931 0.0308373 0.0282816 0.0257259 0.0231702 0.0206145 0.0180588 0.0155031 0.0129474 0.0103917 0.00783597 0.00559914 0.00528491 0.00497068 0.00465645 0.00434222 0.004028 0.00371377 0.00339954 0.00308531 0.00277108 0.00245685 0.00214262 0.00182839 0.00151416 0.00119993 0.000885701 0.000571471 0.000257242 
-1.46465 0.449189 0.471808 0.494354 0.51649 0.538626 0.559562 0.580442 0.600457 0.61887 0.637282 0.654604 0.668798 0.682992 0.697185 0.707573 0.715305 0.723036 0.730768 0.736449 0.735419 0.734389 0.733358 0.732328 0.730644 0.719618 0.708592 0.697566 0.68654 0.675515 0.664489 0.645634 0.626201 0.606769 0.587336 0.567903 0.54847 0.529037 0.507748 0.485464 0.463179 0.440894 0.41861 0.396325 0.374041 0.351756 0.329522 0.311918 0.294314 0.27671 0.259107 0.241503 0.223899 0.206295 0.188691 0.171087 0.153483 0.142476 0.133594 0.124713 0.115831 0.106949 0.0980677 0.089186 0.0803044 0.0714227 0.0625411 0.0536595 0.0447778 0.0396552 0.0371869 0.0347186 0.0322504 0.0297821 0.0273139 0.0248456 0.0223774 0.0199091 0.0174409 0.0149726 0.0125043 0.0100361 0.00756783 0.00540755 0.00510407 0.00480059 0.00449712 0.00419364 0.00389016 0.00358669 0.00328321 0.00297973 0.00267626 0.00237278 0.0020693 0.00176582 0.00146235 0.00115887 0.000855394 0.000551917 0.00024844 
-1.36364 0.433274 0.455092 0.476839 0.498191 0.519542 0.539736 0.559876 0.579183 0.596943 0.614703 0.631411 0.645102 0.658793 0.672484 0.682503 0.689961 0.697419 0.704876 0.710356 0.709362 0.708369 0.707375 0.706381 0.704756 0.694121 0.683486 0.672851 0.662216 0.65158 0.640945 0.622759 0.604014 0.58527 0.566526 0.547782 0.529037 0.510293 0.489758 0.468263 0.446768 0.425273 0.403778 0.382283 0.360788 0.339293 0.317847 0.300867 0.283887 0.266906 0.249926 0.232946 0.215966 0.198986 0.182005 0.165025 0.148045 0.137428 0.128861 0.120294 0.111727 0.10316 0.094593 0.0860261 0.0774591 0.0688922 0.0603252 0.0517583 0.0431913 0.0382501 0.0358693 0.0334885 0.0311077 0.0287269 0.0263461 0.0239653 0.0215845 0.0192037 0.0168229 0.0144421 0.0120613 0.0096805 0.0072997 0.00521595 0.00492323 0.00463051 0.00433778 0.00404506 0.00375233 0.00345961 0.00316688 0.00287416 0.00258143 0.00228871 0.00199598 0.00170326 0.00141054 0.00111781 0.000825086 0.000532362 0.000239637 
-1.26263 0.415838 0.436778 0.45765 0.478143 0.498635 0.518016 0.537346 0.555875 0.572921 0.589966 0.606002 0.619142 0.632282 0.645422 0.655038 0.662196 0.669353 0.676511 0.68177 0.680816 0.679863 0.678909 0.677955 0.676396 0.666189 0.655981 0.645774 0.635567 0.62536 0.615153 0.597698 0.579708 0.561718 0.543728 0.525738 0.507748 0.489758 0.470049 0.449419 0.428789 0.408159 0.387529 0.366899 0.34627 0.32564 0.305056 0.288759 0.272462 0.256166 0.239869 0.223572 0.207275 0.190978 0.174681 0.158384 0.142087 0.131897 0.123675 0.115453 0.107231 0.0990086 0.0907864 0.0825642 0.074342 0.0661198 0.0578976 0.0496754 0.0414532 0.0367109 0.0344259 0.0321409 0.0298559 0.0275709 0.0252859 0.0230009 0.0207159 0.0184309 0.0161459 0.0138609 0.0115759 0.00929094 0.00700595 0.00500606 0.00472511 0.00444417 0.00416322 0.00388228 0.00360133 0.00332039 0.00303944 0.0027585 0.00247755 0.00219661 0.00191566 0.00163472 0.00135377 0.00107283 0.000791883 0.000510938 0.000229994 
