40 -20 -18.9744 -17.9487 -16.9231 -15.8974 -14.8718 -13.8462 -12.8205 -11.7949 -10.7692 -9.74359 -8.71795 -7.69231 -6.66667 -5.64103 -4.61538 -3.58974 -2.5641 -1.53846 -0.512821 0.512821 1.53846 2.5641 3.58974 4.61538 5.64103 6.66667 7.69231 8.71795 9.74359 10.7692 11.7949 12.8205 13.8462 14.8718 15.8974 16.9231 17.9487 18.9744 20 
-20 -0.000849284 -0.000773095 -0.000203807 0.000691415 0.00153965 0.00192483 0.00157973 0.000508999 -0.00101342 -0.00256052 -0.00371662 -0.00421322 -0.00398737 -0.00315826 -0.0019527 -0.000620898 0.000625655 0.00164183 0.00234668 0.00270469 0.00270469 0.00234668 0.00164183 0.000625655 -0.000620898 -0.0019527 -0.00315826 -0.00398737 -0.00421322 -0.00371662 -0.00256052 -0.00101342 0.000508999 0.00157973 0.00192483 0.00153965 0.000691415 -0.000203807 -0.000773095 -0.000849284 
-18.9744 -0.000773095 -0.000158538 0.000805827 0.0016625 0.00190738 0.00125301 -0.000204712 -0.00200705 -0.00352427 -0.00421322 -0.00381358 -0.00240441 -0.000322831 0.00199208 0.00415076 0.00590519 0.00716762 0.00797409 0.00842327 0.00861695 0.00861695 0.00842327 0.00797409 0.00716762 0.00590519 0.00415076 0.00199208 -0.000322831 -0.00240441 -0.00381358 -0.00421322 -0.00352427 -0.00200705 -0.000204712 0.00125301 0.00190738 0.0016625 0.000805827 -0.000158538 -0.000773095 
-17.9487 -0.000203807 0.000805827 0.00169927 0.0018754 0.00100481 -0.000736171 -0.00269371 -0.00401991 -0.00405586 -0.0026118 -1.53216e-05 0.00306515 0.00590519 0.00797409 0.0090572 0.00923973 0.00880196 0.00809266 0.00742887 0.00703869 0.00703869 0.00742887 0.00809266 0.00880196 0.00923973 0.0090572 0.00797409 0.00590519 0.00306515 -1.53216e-05 -0.0026118 -0.00405586 -0.00401991 -0.00269371 -0.000736171 0.00100481 0.0018754 0.00169927 0.000805827 -0.000203807 
-16.9231 0.000691415 0.0016625 0.0018754 0.000913646 -0.00101342 -0.0030747 -0.00419313 -0.00358969 -0.00118663 0.00234668 0.00590519 0.00842327 0.00926436 0.00836681 0.00614144 0.00323193 0.00027604 -0.00224213 -0.00402995 -0.00494803 -0.00494803 -0.00402995 -0.00224213 0.00027604 0.00323193 0.00614144 0.00836681 0.00926436 0.00842327 0.00590519 0.00234668 -0.00118663 -0.00358969 -0.00419313 -0.0030747 -0.00101342 0.000913646 0.0018754 0.0016625 0.000691415 
-15.8974 0.00153965 0.00190738 0.00100481 -0.00101342 -0.00319416 -0.00422331 -0.00315826 -1.53216e-05 0.00415076 0.00772151 0.0092572 0.00809266 0.00450704 -0.00053812 -0.00587791 -0.010574 -0.0141303 -0.0164765 -0.0178078 -0.0183871 -0.0183871 -0.0178078 -0.0164765 -0.0141303 -0.010574 -0.00587791 -0.00053812 0.00450704 0.00809266 0.0092572 0.00772151 0.00415076 -1.53216e-05 -0.00315826 -0.00422331 -0.00319416 -0.00101342 0.00100481 0.00190738 0.00153965 
-14.8718 0.00192483 0.00125301 -0.000736171 -0.0030747 -0.00422331 -0.00298883 0.000625655 0.00521898 0.00861695 0.00896424 0.0056347 -0.00053812 -0.00775882 -0.0141303 -0.0183871 -0.0201971 -0.0200238 -0.0187524 -0.0173082 -0.0164 -0.0164 -0.0173082 -0.0187524 -0.0200238 -0.0201971 -0.0183871 -0.0141303 -0.00775882 -0.00053812 0.0056347 0.00896424 0.00861695 0.00521898 0.000625655 -0.00298883 -0.00422331 -0.0030747 -0.000736171 0.00125301 0.00192483 
-13.8462 0.00157973 -0.000204712 -0.00269371 -0.00419313 -0.00315826 0.000625655 0.00556554 0.00893533 0.00836681 0.00323193 -0.00494803 -0.0132767 -0.0189013 -0.0202219 -0.0173082 -0.0115052 -0.00464558 0.00164416 0.0062778 0.0086976 0.0086976 0.0062778 0.00164416 -0.00464558 -0.0115052 -0.0173082 -0.0202219 -0.0189013 -0.0132767 -0.00494803 0.00323193 0.00836681 0.00893533 0.00556554 0.000625655 -0.00315826 -0.00419313 -0.00269371 -0.000204712 0.00157973 
-12.8205 0.000508999 -0.00200705 -0.00401991 -0.00358969 -1.53216e-05 0.00521898 0.00893533 0.00809266 0.00181775 -0.00775882 -0.0164765 -0.020304 -0.0173082 -0.00831068 0.00392304 0.0162209 0.0262991 0.0332527 0.0372815 0.0390443 0.0390443 0.0372815 0.0332527 0.0262991 0.0162209 0.00392304 -0.00831068 -0.0173082 -0.020304 -0.0164765 -0.00775882 0.00181775 0.00809266 0.00893533 0.00521898 -1.53216e-05 -0.00358969 -0.00401991 -0.00200705 0.000508999 
-11.7949 -0.00101342 -0.00352427 -0.00405586 -0.00118663 0.00415076 0.00861695 0.00836681 0.00181775 -0.00870219 -0.0178078 -0.0200238 -0.0129179 0.00164416 0.0187688 0.0332527 0.0419458 0.0445701 0.0430237 0.0400139 0.0378679 0.0378679 0.0400139 0.0430237 0.0445701 0.0419458 0.0332527 0.0187688 0.00164416 -0.0129179 -0.0200238 -0.0178078 -0.00870219 0.00181775 0.00836681 0.00861695 0.00415076 -0.00118663 -0.00405586 -0.00352427 -0.00101342 
-10.7692 -0.00256052 -0.00421322 -0.0026118 0.00234668 0.00772151 0.00896424 0.00323193 -0.00775882 -0.0178078 -0.0197153 -0.00996861 0.0086976 0.0287086 0.0419458 0.0439169 0.0352795 0.0204154 0.00468783 -0.00769308 -0.0143481 -0.0143481 -0.00769308 0.00468783 0.0204154 0.0352795 0.0439169 0.0419458 0.0287086 0.0086976 -0.00996861 -0.0197153 -0.0178078 -0.00775882 0.00323193 0.00896424 0.00772151 0.00234668 -0.0026118 -0.00421322 -0.00256052 
-9.74359 -0.00371662 -0.00381358 -1.53216e-05 0.00590519 0.0092572 0.0056347 -0.00494803 -0.0164765 -0.0200238 -0.00996861 0.0111704 0.0332527 0.0443714 0.0378679 0.0155872 -0.0143481 -0.0428283 -0.0641009 -0.0768466 -0.082453 -0.082453 -0.0768466 -0.0641009 -0.0428283 -0.0143481 0.0155872 0.0378679 0.0443714 0.0332527 0.0111704 -0.00996861 -0.0200238 -0.0164765 -0.00494803 0.0056347 0.0092572 0.00590519 -1.53216e-05 -0.00381358 -0.00371662 
-8.71795 -0.00421322 -0.00240441 0.00306515 0.00842327 0.00809266 -0.00053812 -0.0132767 -0.020304 -0.0129179 0.0086976 0.0332527 0.0445701 0.0322415 -0.00133388 -0.0428283 -0.0768466 -0.0947012 -0.0973059 -0.0919399 -0.0867732 -0.0867732 -0.0919399 -0.0973059 -0.0947012 -0.0768466 -0.0428283 -0.00133388 0.0322415 0.0445701 0.0332527 0.0086976 -0.0129179 -0.020304 -0.0132767 -0.00053812 0.00809266 0.00842327 0.00306515 -0.00240441 -0.00421322 
-7.69231 -0.00398737 -0.000322831 0.00590519 0.00926436 0.00450704 -0.00775882 -0.0189013 -0.0173082 0.00164416 0.0287086 0.0443714 0.0322415 -0.00769308 -0.0571924 -0.0915113 -0.0954149 -0.0710174 -0.0331514 0.00131354 0.0209708 0.0209708 0.00131354 -0.0331514 -0.0710174 -0.0954149 -0.0915113 -0.0571924 -0.00769308 0.0322415 0.0443714 0.0287086 0.00164416 -0.0173082 -0.0189013 -0.00775882 0.00450704 0.00926436 0.00590519 -0.000322831 -0.00398737 
-6.66667 -0.00315826 0.00199208 0.00797409 0.00836681 -0.00053812 -0.0141303 -0.0202219 -0.00831068 0.0187688 0.0419458 0.0378679 -0.00133388 -0.0571924 -0.0947012 -0.0867732 -0.0331514 0.0419572 0.109455 0.153293 0.172878 0.172878 0.153293 0.109455 0.0419572 -0.0331514 -0.0867732 -0.0947012 -0.0571924 -0.00133388 0.0378679 0.0419458 0.0187688 -0.00831068 -0.0202219 -0.0141303 -0.00053812 0.00836681 0.00797409 0.00199208 -0.00315826 
-5.64103 -0.0019527 0.00415076 0.0090572 0.00614144 -0.00587791 -0.0183871 -0.0173082 0.00392304 0.0332527 0.0439169 0.0155872 -0.0428283 -0.0915113 -0.0867732 -0.016783 0.086625 0.172878 0.211638 0.210126 0.197655 0.197655 0.210126 0.211638 0.172878 0.086625 -0.016783 -0.0867732 -0.0915113 -0.0428283 0.0155872 0.0439169 0.0332527 0.00392304 -0.0173082 -0.0183871 -0.00587791 0.00614144 0.0090572 0.00415076 -0.0019527 
-4.61538 -0.000620898 0.00590519 0.00923973 0.00323193 -0.010574 -0.0201971 -0.0115052 0.0162209 0.0419458 0.0352795 -0.0143481 -0.0768466 -0.0954149 -0.0331514 0.086625 0.189789 0.210126 0.143581 0.0450613 -0.0214685 -0.0214685 0.0450613 0.143581 0.210126 0.189789 0.086625 -0.0331514 -0.0954149 -0.0768466 -0.0143481 0.0352795 0.0419458 0.0162209 -0.0115052 -0.0201971 -0.010574 0.00323193 0.00923973 0.00590519 -0.000620898 
-3.58974 0.000625655 0.00716762 0.00880196 0.00027604 -0.0141303 -0.0200238 -0.00464558 0.0262991 0.0445701 0.0204154 -0.0428283 -0.0947012 -0.0710174 0.0419572 0.172878 0.210126 0.100136 -0.098387 -0.272003 -0.357411 -0.357411 -0.272003 -0.098387 0.100136 0.210126 0.172878 0.0419572 -0.0710174 -0.0947012 -0.0428283 0.0204154 0.0445701 0.0262991 -0.00464558 -0.0200238 -0.0141303 0.00027604 0.00880196 0.00716762 0.000625655 
-2.5641 0.00164183 0.00797409 0.00809266 -0.00224213 -0.0164765 -0.0187524 0.00164416 0.0332527 0.0430237 0.00468783 -0.0641009 -0.0973059 -0.0331514 0.109455 0.211638 0.143581 -0.098387 -0.357411 -0.468108 -0.449615 -0.449615 -0.468108 -0.357411 -0.098387 0.143581 0.211638 0.109455 -0.0331514 -0.0973059 -0.0641009 0.00468783 0.0430237 0.0332527 0.00164416 -0.0187524 -0.0164765 -0.00224213 0.00809266 0.00797409 0.00164183 
-1.53846 0.00234668 0.00842327 0.00742887 -0.00402995 -0.0178078 -0.0173082 0.0062778 0.0372815 0.0400139 -0.00769308 -0.0768466 -0.0919399 0.00131354 0.153293 0.210126 0.0450613 -0.272003 -0.468108 -0.330106 -0.0339099 -0.0339099 -0.330106 -0.468108 -0.272003 0.0450613 0.210126 0.153293 0.00131354 -0.0919399 -0.0768466 -0.00769308 0.0400139 0.0372815 0.0062778 -0.0173082 -0.0178078 -0.00402995 0.00742887 0.00842327 0.00234668 
-0.512821 0.00270469 0.00861695 0.00703869 -0.00494803 -0.0183871 -0.0164 0.0086976 0.0390443 0.0378679 -0.0143481 -0.082453 -0.0867732 0.0209708 0.172878 0.197655 -0.0214685 -0.357411 -0.449615 -0.0339099 0.62425 0.62425 -0.0339099 -0.449615 -0.357411 -0.0214685 0.197655 0.172878 0.0209708 -0.0867732 -0.082453 -0.0143481 0.0378679 0.0390443 0.0086976 -0.0164 -0.0183871 -0.00494803 0.00703869 0.00861695 0.00270469 
0.512821 0.00270469 0.00861695 0.00703869 -0.00494803 -0.0183871 -0.0164 0.0086976 0.0390443 0.0378679 -0.0143481 -0.082453 -0.0867732 0.0209708 0.172878 0.197655 -0.0214685 -0.357411 -0.449615 -0.0339099 0.62425 0.62425 -0.0339099 -0.449615 -0.357411 -0.0214685 0.197655 0.172878 0.0209708 -0.0867732 -0.082453 -0.0143481 0.0378679 0.0390443 0.0086976 -0.0164 -0.0183871 -0.00494803 0.00703869 0.00861695 0.00270469 
1.53846 0.00234668 0.00842327 0.00742887 -0.00402995 -0.0178078 -0.0173082 0.0062778 0.0372815 0.0400139 -0.00769308 -0.0768466 -0.0919399 0.00131354 0.153293 0.210126 0.0450613 -0.272003 -0.468108 -0.330106 -0.0339099 -0.0339099 -0.330106 -0.468108 -0.272003 0.0450613 0.210126 0.153293 0.00131354 -0.0919399 -0.0768466 -0.00769308 0.0400139 0.0372815 0.0062778 -0.0173082 -0.0178078 -0.00402995 0.00742887 0.00842327 0.00234668 
2.5641 0.00164183 0.00797409 0.00809266 -0.00224213 -0.0164765 -0.0187524 0.00164416 0.0332527 0.0430237 0.00468783 -0.0641009 -0.0973059 -0.0331514 0.109455 0.211638 0.143581 -0.098387 -0.357411 -0.468108 -0.449615 -0.449615 -0.468108 -0.357411 -0.098387 0.143581 0.211638 0.109455 -0.0331514 -0.0973059 -0.0641009 0.00468783 0.0430237 0.0332527 0.00164416 -0.0187524 -0.0164765 -0.00224213 0.00809266 0.00797409 0.00164183 
3.58974 0.000625655 0.00716762 0.00880196 0.00027604 -0.0141303 -0.0200238 -0.00464558 0.0262991 0.0445701 0.0204154 -0.0428283 -0.0947012 -0.0710174 0.0419572 0.172878 0.210126 0.100136 -0.098387 -0.272003 -0.357411 -0.357411 -0.272003 -0.098387 0.100136 0.210126 0.172878 0.0419572 -0.0710174 -0.0947012 -0.0428283 0.0204154 0.0445701 0.0262991 -0.00464558 -0.0200238 -0.0141303 0.00027604 0.00880196 0.00716762 0.000625655 
4.61538 -0.000620898 0.00590519 0.00923973 0.00323193 -0.010574 -0.0201971 -0.0115052 0.0162209 0.0419458 0.0352795 -0.0143481 -0.0768466 -0.0954149 -0.0331514 0.086625 0.189789 0.210126 0.143581 0.0450613 -0.0214685 -0.0214685 0.0450613 0.143581 0.210126 0.189789 0.086625 -0.0331514 -0.0954149 -0.0768466 -0.0143481 0.0352795 0.0419458 0.0162209 -0.0115052 -0.0201971 -0.010574 0.00323193 0.00923973 0.00590519 -0.000620898 
5.64103 -0.0019527 0.00415076 0.0090572 0.00614144 -0.00587791 -0.0183871 -0.0173082 0.00392304 0.0332527 0.0439169 0.0155872 -0.0428283 -0.0915113 -0.0867732 -0.016783 0.086625 0.172878 0.211638 0.210126 0.197655 0.197655 0.210126 0.211638 0.172878 0.086625 -0.016783 -0.0867732 -0.0915113 -0.0428283 0.0155872 0.0439169 0.0332527 0.00392304 -0.0173082 -0.0183871 -0.00587791 0.00614144 0.0090572 0.00415076 -0.0019527 
6.66667 -0.00315826 0.00199208 0.00797409 0.00836681 -0.00053812 -0.0141303 -0.0202219 -0.00831068 0.0187688 0.0419458 0.0378679 -0.00133388 -0.0571924 -0.0947012 -0.0867732 -0.0331514 0.0419572 0.109455 0.153293 0.172878 0.172878 0.153293 0.109455 0.0419572 -0.0331514 -0.0867732 -0.0947012 -0.0571924 -0.00133388 0.0378679 0.0419458 0.0187688 -0.00831068 -0.0202219 -0.0141303 -0.00053812 0.00836681 0.00797409 0.00199208 -0.00315826 
7.69231 -0.00398737 -0.000322831 0.00590519 0.00926436 0.00450704 -0.00775882 -0.0189013 -0.0173082 0.00164416 0.0287086 0.0443714 0.0322415 -0.00769308 -0.0571924 -0.0915113 -0.0954149 -0.0710174 -0.0331514 0.00131354 0.0209708 0.0209708 0.00131354 -0.0331514 -0.0710174 -0.0954149 -0.0915113 -0.0571924 -0.00769308 0.0322415 0.0443714 0.0287086 0.00164416 -0.0173082 -0.0189013 -0.00775882 0.00450704 0.00926436 0.00590519 -0.000322831 -0.00398737 
8.71795 -0.00421322 -0.00240441 0.00306515 0.00842327 0.00809266 -0.00053812 -0.0132767 -0.020304 -0.0129179 0.0086976 0.0332527 0.0445701 0.0322415 -0.00133388 -0.0428283 -0.0768466 -0.0947012 -0.0973059 -0.0919399 -0.0867732 -0.0867732 -0.0919399 -0.0973059 -0.0947012 -0.0768466 -0.0428283 -0.00133388 0.0322415 0.0445701 0.0332527 0.0086976 -0.0129179 -0.020304 -0.0132767 -0.00053812 0.00809266 0.00842327 0.00306515 -0.00240441 -0.00421322 
9.74359 -0.00371662 -0.00381358 -1.53216e-05 0.00590519 0.0092572 0.0056347 -0.00494803 -0.0164765 -0.0200238 -0.00996861 0.0111704 0.0332527 0.0443714 0.0378679 0.0155872 -0.0143481 -0.0428283 -0.0641009 -0.0768466 -0.082453 -0.082453 -0.0768466 -0.0641009 -0.0428283 -0.0143481 0.0155872 0.0378679 0.0443714 0.0332527 0.0111704 -0.00996861 -0.0200238 -0.0164765 -0.00494803 0.0056347 0.0092572 0.00590519 -1.53216e-05 -0.00381358 -0.00371662 
10.7692 -0.00256052 -0.00421322 -0.0026118 0.00234668 0.00772151 0.00896424 0.00323193 -0.00775882 -0.0178078 -0.0197153 -0.00996861 0.0086976 0.0287086 0.0419458 0.0439169 0.0352795 0.0204154 0.00468783 -0.00769308 -0.0143481 -0.0143481 -0.00769308 0.00468783 0.0204154 0.0352795 0.0439169 0.0419458 0.0287086 0.0086976 -0.00996861 -0.0197153 -0.0178078 -0.00775882 0.00323193 0.00896424 0.00772151 0.00234668 -0.0026118 -0.00421322 -0.00256052 
11.7949 -0.00101342 -0.00352427 -0.00405586 -0.00118663 0.00415076 0.00861695 0.00836681 0.00181775 -0.00870219 -0.0178078 -0.0200238 -0.0129179 0.00164416 0.0187688 0.0332527 0.0419458 0.0445701 0.0430237 0.0400139 0.0378679 0.0378679 0.0400139 0.0430237 0.0445701 0.0419458 0.0332527 0.0187688 0.00164416 -0.0129179 -0.0200238 -0.0178078 -0.00870219 0.00181775 0.00836681 0.00861695 0.00415076 -0.00118663 -0.00405586 -0.00352427 -0.00101342 
12.8205 0.000508999 -0.00200705 -0.00401991 -0.00358969 -1.53216e-05 0.00521898 0.00893533 0.00809266 0.00181775 -0.00775882 -0.0164765 -0.020304 -0.0173082 -0.00831068 0.00392304 0.0162209 0.0262991 0.0332527 0.0372815 0.0390443 0.0390443 0.0372815 0.0332527 0.0262991 0.0162209 0.00392304 -0.00831068 -0.0173082 -0.020304 -0.0164765 -0.00775882 0.00181775 0.00809266 0.00893533 0.00521898 -1.53216e-05 -0.00358969 -0.00401991 -0.00200705 0.000508999 
13.8462 0.00157973 -0.000204712 -0.00269371 -0.00419313 -0.00315826 0.000625655 0.00556554 0.00893533 0.00836681 0.00323193 -0.00494803 -0.0132767 -0.0189013 -0.0202219 -0.0173082 -0.0115052 -0.00464558 0.00164416 0.0062778 0.0086976 0.0086976 0.0062778 0.00164416 -0.00464558 -0.0115052 -0.0173082 -0.0202219 -0.0189013 -0.0132767 -0.00494803 0.00323193 0.00836681 0.00893533 0.00556554 0.000625655 -0.00315826 -0.00419313 -0.00269371 -0.000204712 0.00157973 
14.8718 0.00192483 0.00125301 -0.000736171 -0.0030747 -0.00422331 -0.00298883 0.000625655 0.00521898 0.00861695 0.00896424 0.0056347 -0.00053812 -0.00775882 -0.0141303 -0.0183871 -0.0201971 -0.0200238 -0.0187524 -0.0173082 -0.0164 -0.0164 -0.0173082 -0.0187524 -0.0200238 -0.0201971 -0.0183871 -0.0141303 -0.00775882 -0.00053812 0.0056347 0.00896424 0.00861695 0.00521898 0.000625655 -0.00298883 -0.00422331 -0.0030747 -0.000736171 0.00125301 0.00192483 
15.8974 0.00153965 0.00190738 0.00100481 -0.00101342 -0.00319416 -0.00422331 -0.00315826 -1.53216e-05 0.00415076 0.00772151 0.0092572 0.00809266 0.00450704 -0.00053812 -0.00587791 -0.010574 -0.0141303 -0.0164765 -0.0178078 -0.0183871 -0.0183871 -0.0178078 -0.0164765 -0.0141303 -0.010574 -0.00587791 -0.00053812 0.00450704 0.00809266 0.0092572 0.00772151 0.00415076 -1.53216e-05 -0.00315826 -0.00422331 -0.00319416 -0.00101342 0.00100481 0.00190738 0.00153965 
16.9231 0.000691415 0.0016625 0.0018754 0.000913646 -0.00101342 -0.0030747 -0.00419313 -0.00358969 -0.00118663 0.00234668 0.00590519 0.00842327 0.00926436 0.00836681 0.00614144 0.00323193 0.00027604 -0.00224213 -0.00402995 -0.00494803 -0.00494803 -0.00402995 -0.00224213 0.00027604 0.00323193 0.00614144 0.00836681 0.00926436 0.00842327 0.00590519 0.00234668 -0.00118663 -0.00358969 -0.00419313 -0.0030747 -0.00101342 0.000913646 0.0018754 0.0016625 0.000691415 
17.9487 -0.000203807 0.000805827 0.00169927 0.0018754 0.00100481 -0.000736171 -0.00269371 -0.00401991 -0.00405586 -0.0026118 -1.53216e-05 0.00306515 0.00590519 0.00797409 0.0090572 0.00923973 0.00880196 0.00809266 0.00742887 0.00703869 0.00703869 0.00742887 0.00809266 0.00880196 0.00923973 0.0090572 0.00797409 0.00590519 0.00306515 -1.53216e-05 -0.0026118 -0.00405586 -0.00401991 -0.00269371 -0.000736171 0.00100481 0.0018754 0.00169927 0.000805827 -0.000203807 
18.9744 -0.000773095 -0.000158538 0.000805827 0.0016625 0.00190738 0.00125301 -0.000204712 -0.00200705 -0.00352427 -0.00421322 -0.00381358 -0.00240441 -0.000322831 0.00199208 0.00415076 0.00590519 0.00716762 0.00797409 0.00842327 0.00861695 0.00861695 0.00842327 0.00797409 0.00716762 0.00590519 0.00415076 0.00199208 -0.000322831 -0.00240441 -0.00381358 -0.00421322 -0.00352427 -0.00200705 -0.000204712 0.00125301 0.00190738 0.0016625 0.000805827 -0.000158538 -0.000773095 
20 -0.000849284 -0.000773095 -0.000203807 0.000691415 0.00153965 0.00192483 0.00157973 0.000508999 -0.00101342 -0.00256052 -0.00371662 -0.00421322 -0.00398737 -0.00315826 -0.0019527 -0.000620898 0.000625655 0.00164183 0.00234668 0.00270469 0.00270469 0.00234668 0.00164183 0.000625655 -0.000620898 -0.0019527 -0.00315826 -0.00398737 -0.00421322 -0.00371662 -0.00256052 -0.00101342 0.000508999 0.00157973 0.00192483 0.00153965 0.000691415 -0.000203807 -0.000773095 -0.000849284 


200 -20 -19.799 -19.598 -19.397 -19.196 -18.995 -18.794 -18.593 -18.392 -18.191 -17.9899 -17.7889 -17.5879 -17.3869 -17.1859 -16.9849 -16.7839 -16.5829 -16.3819 -16.1809 -15.9799 -15.7789 -15.5779 -15.3769 -15.1759 -14.9749 -14.7739 -14.5729 -14.3719 -14.1709 -13.9698 -13.7688 -13.5678 -13.3668 -13.1658 -12.9648 -12.7638 -12.5628 -12.3618 -12.1608 -11.9598 -11.7588 -11.5578 -11.3568 -11.1558 -10.9548 -10.7538 -10.5528 -10.3518 -10.1508 -9.94975 -9.74874 -9.54774 -9.34673 -9.14573 -8.94472 -8.74372 -8.54271 -8.34171 -8.1407 -7.9397 -7.73869 -7.53769 -7.33668 -7.13568 -6.93467 -6.73367 -6.53266 -6.33166 -6.13065 -5.92965 -5.72864 -5.52764 -5.32663 -5.12563 -4.92462 -4.72362 -4.52261 -4.32161 -4.1206 -3.9196 -3.71859 -3.51759 -3.31658 -3.11558 -2.91457 -2.71357 -2.51256 -2.31156 -2.11055 -1.90955 -1.70854 -1.50754 -1.30653 -1.10553 -0.904523 -0.703518 -0.502513 -0.301508 -0.100503 0.100503 0.301508 0.502513 0.703518 0.904523 1.10553 1.30653 1.50754 1.70854 1.90955 2.11055 2.31156 2.51256 2.71357 2.91457 3.11558 3.31658 3.51759 3.71859 3.9196 4.1206 4.32161 4.52261 4.72362 4.92462 5.12563 5.32663 5.52764 5.72864 5.92965 6.13065 6.33166 6.53266 6.73367 6.93467 7.13568 7.33668 7.53769 7.73869 7.9397 8.1407 8.34171 8.54271 8.74372 8.94472 9.14573 9.34673 9.54774 9.74874 9.94975 10.1508 10.3518 10.5528 10.7538 10.9548 11.1558 11.3568 11.5578 11.7588 11.9598 12.1608 12.3618 12.5628 12.7638 12.9648 13.1658 13.3668 13.5678 13.7688 13.9698 14.1709 14.3719 14.5729 14.7739 14.9749 15.1759 15.3769 15.5779 15.7789 15.9799 16.1809 16.3819 16.5829 16.7839 16.9849 17.1859 17.3869 17.5879 17.7889 17.9899 18.191 18.392 18.593 18.794 18.995 19.196 19.397 19.598 19.799 20 
-20 -0.000849284 -0.000834352 -0.000819421 -0.000804489 -0.000789558 -0.000774626 -0.000672969 -0.0005614 -0.000449831 -0.000338262 -0.000226693 -6.43504e-05 0.000111095 0.000286541 0.000461986 0.000637432 0.000806502 0.00097274 0.00113898 0.00130521 0.00147145 0.00158417 0.00165966 0.00173514 0.00181063 0.00188612 0.00189188 0.00182424 0.00175661 0.00168898 0.00162135 0.00149902 0.00128918 0.00107934 0.000869495 0.000659654 0.000424845 0.00012648 -0.000171884 -0.000470248 -0.000768613 -0.00106784 -0.00137104 -0.00167424 -0.00197744 -0.00228064 -0.00257795 -0.00280452 -0.00303109 -0.00325766 -0.00348423 -0.00371081 -0.00381145 -0.00390877 -0.0040061 -0.00410342 -0.00420075 -0.00417464 -0.00413037 -0.00408611 -0.00404185 -0.00399758 -0.00386238 -0.00369989 -0.0035374 -0.00337491 -0.00321242 -0.00300075 -0.00276448 -0.00252822 -0.00229195 -0.00205569 -0.00180547 -0.00154446 -0.00128345 -0.00102245 -0.00076144 -0.000508144 -0.000263845 -1.95459e-05 0.000224753 0.000469053 0.000697145 0.000896295 0.00109544 0.00129459 0.00149375 0.00167725 0.00181539 0.00195352 0.00209166 0.00222979 0.00235747 0.00242764 0.0024978 0.00256796 0.00263813 0.00270469 0.00270469 0.00270469 0.00270469 0.00270469 0.00270469 0.00263813 0.00256796 0.0024978 0.00242764 0.00235747 0.00222979 0.00209166 0.00195352 0.00181539 0.00167725 0.00149375 0.00129459 0.00109544 0.000896295 0.000697145 0.000469053 0.000224753 -1.95459e-05 -0.000263845 -0.000508144 -0.00076144 -0.00102245 -0.00128345 -0.00154446 -0.00180547 -0.00205569 -0.00229195 -0.00252822 -0.00276448 -0.00300075 -0.00321242 -0.00337491 -0.0035374 -0.00369989 -0.00386238 -0.00399758 -0.00404185 -0.00408611 -0.00413037 -0.00417464 -0.00420075 -0.00410342 -0.0040061 -0.00390877 -0.00381145 -0.00371081 -0.00348423 -0.00325766 -0.00303109 -0.00280452 -0.00257795 -0.00228064 -0.00197744 -0.00167424 -0.00137104 -0.00106784 -0.000768613 -0.000470248 -0.000171884 0.00012648 0.000424845 0.000659654 0.000869495 0.00107934 0.00128918 0.00149902 0.00162135 0.00168898 0.00175661 0.00182424 0.00189188 0.00188612 0.00181063 0.00173514 0.00165966 0.00158417 0.00147145 0.00130521 0.00113898 0.00097274 0.000806502 0.000637432 0.000461986 0.000286541 0.000111095 -6.43504e-05 -0.000226693 -0.000338262 -0.000449831 -0.0005614 -0.000672969 -0.000774626 -0.000789558 -0.000804489 -0.000819421 -0.000834352 -0.000849284 
-19.799 -0.000834352 -0.000798743 -0.000763134 -0.000727525 -0.000691915 -0.000656306 -0.00053891 -0.000412167 -0.000285424 -0.000158681 -3.19376e-05 0.000132341 0.000306306 0.000480271 0.000654236 0.000828201 0.000980773 0.00112384 0.0012669 0.00140996 0.00155303 0.00163269 0.00166825 0.00170381 0.00173937 0.00177493 0.0017394 0.00162903 0.00151866 0.0014083 0.00129793 0.0011385 0.000900555 0.000662615 0.000424674 0.000186734 -6.81931e-05 -0.000366358 -0.000664522 -0.000962686 -0.00126085 -0.001554 -0.00182424 -0.00209448 -0.00236472 -0.00263496 -0.00289725 -0.00306407 -0.00323088 -0.0033977 -0.00356452 -0.00373134 -0.00375913 -0.00378326 -0.00380738 -0.00383151 -0.00385564 -0.00375801 -0.00364247 -0.00352693 -0.00341139 -0.00329585 -0.0031003 -0.00288075 -0.00266119 -0.00244164 -0.00222208 -0.00196698 -0.00169411 -0.00142124 -0.00114836 -0.00087549 -0.000600154 -0.000322916 -4.56767e-05 0.000231562 0.000508801 0.000771119 0.00101603 0.00126094 0.00150585 0.00175076 0.00197635 0.00216744 0.00235854 0.00254963 0.00274073 0.00291573 0.00304404 0.00317236 0.00330068 0.00342899 0.00354739 0.00361124 0.00367509 0.00373895 0.0038028 0.00386338 0.00386338 0.00386338 0.00386338 0.00386338 0.00386338 0.0038028 0.00373895 0.00367509 0.00361124 0.00354739 0.00342899 0.00330068 0.00317236 0.00304404 0.00291573 0.00274073 0.00254963 0.00235854 0.00216744 0.00197635 0.00175076 0.00150585 0.00126094 0.00101603 0.000771119 0.000508801 0.000231562 -4.56767e-05 -0.000322916 -0.000600154 -0.00087549 -0.00114836 -0.00142124 -0.00169411 -0.00196698 -0.00222208 -0.00244164 -0.00266119 -0.00288075 -0.0031003 -0.00329585 -0.00341139 -0.00352693 -0.00364247 -0.00375801 -0.00385564 -0.00383151 -0.00380738 -0.00378326 -0.00375913 -0.00373134 -0.00356452 -0.0033977 -0.00323088 -0.00306407 -0.00289725 -0.00263496 -0.00236472 -0.00209448 -0.00182424 -0.001554 -0.00126085 -0.000962686 -0.000664522 -0.000366358 -6.81931e-05 0.000186734 0.000424674 0.000662615 0.000900555 0.0011385 0.00129793 0.0014083 0.00151866 0.00162903 0.0017394 0.00177493 0.00173937 0.00170381 0.00166825 0.00163269 0.00155303 0.00140996 0.0012669 0.00112384 0.000980773 0.000828201 0.000654236 0.000480271 0.000306306 0.000132341 -3.19376e-05 -0.000158681 -0.000285424 -0.000412167 -0.00053891 -0.000656306 -0.000691915 -0.000727525 -0.000763134 -0.000798743 -0.000834352 
-19.598 -0.000819421 -0.000763134 -0.000706847 -0.00065056 -0.000594273 -0.000537986 -0.000404852 -0.000262934 -0.000121017 2.09004e-05 0.000162818 0.000329032 0.000501517 0.000674001 0.000846486 0.00101897 0.00115504 0.00127493 0.00139482 0.00151471 0.0016346 0.00168121 0.00167684 0.00167248 0.00166811 0.00166374 0.00158691 0.00143381 0.00128071 0.00112761 0.000974513 0.000777975 0.000511934 0.000245894 -2.01462e-05 -0.000286186 -0.000561231 -0.000859196 -0.00115716 -0.00145512 -0.00175309 -0.00204016 -0.00227744 -0.00251472 -0.002752 -0.00298928 -0.00321655 -0.00332361 -0.00343068 -0.00353775 -0.00364481 -0.00375188 -0.00370681 -0.00365774 -0.00360867 -0.0035596 -0.00351053 -0.00334138 -0.00315457 -0.00296775 -0.00278094 -0.00259413 -0.00233823 -0.00206161 -0.00178498 -0.00150836 -0.00123174 -0.000933212 -0.000623732 -0.000314252 -4.77165e-06 0.000304708 0.000605158 0.000898629 0.0011921 0.00148557 0.00177904 0.00205038 0.0022959 0.00254142 0.00278694 0.00303246 0.00325555 0.00343859 0.00362163 0.00380467 0.00398772 0.00415421 0.0042727 0.0043912 0.00450969 0.00462819 0.00473731 0.00479485 0.00485239 0.00490993 0.00496747 0.00502206 0.00502206 0.00502206 0.00502206 0.00502206 0.00502206 0.00496747 0.00490993 0.00485239 0.00479485 0.00473731 0.00462819 0.00450969 0.0043912 0.0042727 0.00415421 0.00398772 0.00380467 0.00362163 0.00343859 0.00325555 0.00303246 0.00278694 0.00254142 0.0022959 0.00205038 0.00177904 0.00148557 0.0011921 0.000898629 0.000605158 0.000304708 -4.77165e-06 -0.000314252 -0.000623732 -0.000933212 -0.00123174 -0.00150836 -0.00178498 -0.00206161 -0.00233823 -0.00259413 -0.00278094 -0.00296775 -0.00315457 -0.00334138 -0.00351053 -0.0035596 -0.00360867 -0.00365774 -0.00370681 -0.00375188 -0.00364481 -0.00353775 -0.00343068 -0.00332361 -0.00321655 -0.00298928 -0.002752 -0.00251472 -0.00227744 -0.00204016 -0.00175309 -0.00145512 -0.00115716 -0.000859196 -0.000561231 -0.000286186 -2.01462e-05 0.000245894 0.000511934 0.000777975 0.000974513 0.00112761 0.00128071 0.00143381 0.00158691 0.00166374 0.00166811 0.00167248 0.00167684 0.00168121 0.0016346 0.00151471 0.00139482 0.00127493 0.00115504 0.00101897 0.000846486 0.000674001 0.000501517 0.000329032 0.000162818 2.09004e-05 -0.000121017 -0.000262934 -0.000404852 -0.000537986 -0.000594273 -0.00065056 -0.000706847 -0.000763134 -0.000819421 
-19.397 -0.000804489 -0.000727525 -0.00065056 -0.000573596 -0.000496631 -0.000419666 -0.000270793 -0.000113701 4.339e-05 0.000200482 0.000357573 0.000525723 0.000696728 0.000867732 0.00103874 0.00120974 0.00132931 0.00142603 0.00152275 0.00161946 0.00171618 0.00172973 0.00168544 0.00164114 0.00159685 0.00155255 0.00143443 0.0012386 0.00104276 0.00084693 0.000651097 0.000417453 0.000123313 -0.000170827 -0.000464967 -0.000759106 -0.00105427 -0.00135203 -0.0016498 -0.00194756 -0.00224533 -0.00252632 -0.00273064 -0.00293496 -0.00313928 -0.00334361 -0.00353585 -0.00358316 -0.00363047 -0.00367779 -0.0037251 -0.00377241 -0.00365449 -0.00353223 -0.00340996 -0.00328769 -0.00316542 -0.00292475 -0.00266666 -0.00240857 -0.00215049 -0.0018924 -0.00157616 -0.00124247 -0.000908778 -0.000575088 -0.000241398 0.000100557 0.000446644 0.000792732 0.00113882 0.00148491 0.00181047 0.00212017 0.00242988 0.00273958 0.00304928 0.00332964 0.00357577 0.0038219 0.00406803 0.00431416 0.00453475 0.00470974 0.00488473 0.00505971 0.0052347 0.00539268 0.00550136 0.00561004 0.00571871 0.00582739 0.00592723 0.00597846 0.00602969 0.00608091 0.00613214 0.00618074 0.00618074 0.00618074 0.00618074 0.00618074 0.00618074 0.00613214 0.00608091 0.00602969 0.00597846 0.00592723 0.00582739 0.00571871 0.00561004 0.00550136 0.00539268 0.0052347 0.00505971 0.00488473 0.00470974 0.00453475 0.00431416 0.00406803 0.0038219 0.00357577 0.00332964 0.00304928 0.00273958 0.00242988 0.00212017 0.00181047 0.00148491 0.00113882 0.000792732 0.000446644 0.000100557 -0.000241398 -0.000575088 -0.000908778 -0.00124247 -0.00157616 -0.0018924 -0.00215049 -0.00240857 -0.00266666 -0.00292475 -0.00316542 -0.00328769 -0.00340996 -0.00353223 -0.00365449 -0.00377241 -0.0037251 -0.00367779 -0.00363047 -0.00358316 -0.00353585 -0.00334361 -0.00313928 -0.00293496 -0.00273064 -0.00252632 -0.00224533 -0.00194756 -0.0016498 -0.00135203 -0.00105427 -0.000759106 -0.000464967 -0.000170827 0.000123313 0.000417453 0.000651097 0.00084693 0.00104276 0.0012386 0.00143443 0.00155255 0.00159685 0.00164114 0.00168544 0.00172973 0.00171618 0.00161946 0.00152275 0.00142603 0.00132931 0.00120974 0.00103874 0.000867732 0.000696728 0.000525723 0.000357573 0.000200482 4.339e-05 -0.000113701 -0.000270793 -0.000419666 -0.000496631 -0.000573596 -0.00065056 -0.000727525 -0.000804489 
-19.196 -0.000789558 -0.000691915 -0.000594273 -0.000496631 -0.000398989 -0.000301346 -0.000136734 3.55313e-05 0.000207797 0.000380063 0.000552328 0.000722415 0.000891938 0.00106146 0.00123099 0.00140051 0.00150358 0.00157713 0.00165067 0.00172421 0.00179775 0.00177825 0.00169403 0.00160981 0.00152559 0.00144137 0.00128195 0.00104338 0.000804815 0.000566248 0.000327681 5.69317e-05 -0.000265308 -0.000587547 -0.000909787 -0.00123203 -0.00154731 -0.00184487 -0.00214244 -0.00244 -0.00273757 -0.00301248 -0.00318384 -0.0033552 -0.00352656 -0.00369793 -0.00385515 -0.00384271 -0.00383027 -0.00381783 -0.00380539 -0.00379295 -0.00360217 -0.00340671 -0.00321125 -0.00301578 -0.00282032 -0.00250812 -0.00217876 -0.0018494 -0.00152003 -0.00119067 -0.000814083 -0.000423327 -3.25702e-05 0.000358186 0.000748943 0.00113433 0.00151702 0.00189972 0.00228241 0.00266511 0.00301578 0.00334172 0.00366765 0.00399359 0.00431952 0.00460891 0.00485565 0.00510239 0.00534913 0.00559587 0.00581396 0.00598089 0.00614782 0.00631475 0.00648169 0.00663116 0.00673002 0.00682888 0.00692773 0.00702659 0.00711715 0.00716206 0.00720698 0.0072519 0.00729682 0.00733943 0.00733943 0.00733943 0.00733943 0.00733943 0.00733943 0.00729682 0.0072519 0.00720698 0.00716206 0.00711715 0.00702659 0.00692773 0.00682888 0.00673002 0.00663116 0.00648169 0.00631475 0.00614782 0.00598089 0.00581396 0.00559587 0.00534913 0.00510239 0.00485565 0.00460891 0.00431952 0.00399359 0.00366765 0.00334172 0.00301578 0.00266511 0.00228241 0.00189972 0.00151702 0.00113433 0.000748943 0.000358186 -3.25702e-05 -0.000423327 -0.000814083 -0.00119067 -0.00152003 -0.0018494 -0.00217876 -0.00250812 -0.00282032 -0.00301578 -0.00321125 -0.00340671 -0.00360217 -0.00379295 -0.00380539 -0.00381783 -0.00383027 -0.00384271 -0.00385515 -0.00369793 -0.00352656 -0.0033552 -0.00318384 -0.00301248 -0.00273757 -0.00244 -0.00214244 -0.00184487 -0.00154731 -0.00123203 -0.000909787 -0.000587547 -0.000265308 5.69317e-05 0.000327681 0.000566248 0.000804815 0.00104338 0.00128195 0.00144137 0.00152559 0.00160981 0.00169403 0.00177825 0.00179775 0.00172421 0.00165067 0.00157713 0.00150358 0.00140051 0.00123099 0.00106146 0.000891938 0.000722415 0.000552328 0.000380063 0.000207797 3.55313e-05 -0.000136734 -0.000301346 -0.000398989 -0.000496631 -0.000594273 -0.000691915 -0.000789558 
-18.995 -0.000774626 -0.000656306 -0.000537986 -0.000419666 -0.000301346 -0.000183027 -2.67582e-06 0.000184764 0.000372204 0.000559644 0.000747084 0.000919106 0.00108715 0.00125519 0.00142324 0.00159128 0.00167785 0.00172822 0.00177859 0.00182896 0.00187933 0.00182678 0.00170263 0.00157848 0.00145433 0.00133018 0.00112947 0.000848167 0.000566866 0.000285565 4.26434e-06 -0.00030359 -0.000653929 -0.00100427 -0.00135461 -0.00170495 -0.00204034 -0.00233771 -0.00263507 -0.00293244 -0.0032298 -0.00349864 -0.00363704 -0.00377544 -0.00391385 -0.00405225 -0.00417445 -0.00410226 -0.00403006 -0.00395787 -0.00388567 -0.00381348 -0.00354986 -0.00328119 -0.00301253 -0.00274387 -0.00247521 -0.00209149 -0.00169086 -0.00129022 -0.000889581 -0.000488945 -5.20102e-05 0.000395813 0.000843637 0.00129146 0.00173928 0.00216809 0.0025874 0.0030067 0.003426 0.0038453 0.00422109 0.00456326 0.00490543 0.0052476 0.00558976 0.00588817 0.00613552 0.00638287 0.00663022 0.00687757 0.00709316 0.00725204 0.00741092 0.00756979 0.00772867 0.00786964 0.00795868 0.00804771 0.00813675 0.00822579 0.00830706 0.00834567 0.00838428 0.00842288 0.00846149 0.00849811 0.00849811 0.00849811 0.00849811 0.00849811 0.00849811 0.00846149 0.00842288 0.00838428 0.00834567 0.00830706 0.00822579 0.00813675 0.00804771 0.00795868 0.00786964 0.00772867 0.00756979 0.00741092 0.00725204 0.00709316 0.00687757 0.00663022 0.00638287 0.00613552 0.00588817 0.00558976 0.0052476 0.00490543 0.00456326 0.00422109 0.0038453 0.003426 0.0030067 0.0025874 0.00216809 0.00173928 0.00129146 0.000843637 0.000395813 -5.20102e-05 -0.000488945 -0.000889581 -0.00129022 -0.00169086 -0.00209149 -0.00247521 -0.00274387 -0.00301253 -0.00328119 -0.00354986 -0.00381348 -0.00388567 -0.00395787 -0.00403006 -0.00410226 -0.00417445 -0.00405225 -0.00391385 -0.00377544 -0.00363704 -0.00349864 -0.0032298 -0.00293244 -0.00263507 -0.00233771 -0.00204034 -0.00170495 -0.00135461 -0.00100427 -0.000653929 -0.00030359 4.26434e-06 0.000285565 0.000566866 0.000848167 0.00112947 0.00133018 0.00145433 0.00157848 0.00170263 0.00182678 0.00187933 0.00182896 0.00177859 0.00172822 0.00167785 0.00159128 0.00142324 0.00125519 0.00108715 0.000919106 0.000747084 0.000559644 0.000372204 0.000184764 -2.67582e-06 -0.000183027 -0.000301346 -0.000419666 -0.000537986 -0.000656306 -0.000774626 
-18.794 -0.000672969 -0.00053891 -0.000404852 -0.000270793 -0.000136734 -2.67582e-06 0.000178492 0.000365043 0.000551595 0.000738146 0.000924698 0.00107777 0.00122221 0.00136664 0.00151107 0.00165551 0.00170655 0.0017161 0.00172564 0.00173518 0.00174472 0.00165092 0.00148522 0.00131952 0.00115382 0.000988126 0.00075558 0.000452668 0.000149756 -0.000153156 -0.000456068 -0.000772017 -0.00110883 -0.00144564 -0.00178245 -0.00211925 -0.00243053 -0.00267682 -0.00292311 -0.00316939 -0.00341568 -0.0036288 -0.0036903 -0.0037518 -0.0038133 -0.0038748 -0.00391972 -0.00376567 -0.00361163 -0.00345758 -0.00330354 -0.00314949 -0.00282032 -0.00248655 -0.00215277 -0.00181899 -0.00148522 -0.00106399 -0.000629897 -0.000195806 0.000238284 0.000672374 0.00111501 0.00156021 0.0020054 0.0024506 0.0028958 0.00330152 0.0036875 0.00407348 0.00445947 0.00484545 0.00517709 0.00546675 0.0057564 0.00604605 0.0063357 0.00657881 0.00676761 0.00695642 0.00714523 0.00733404 0.00749305 0.00759886 0.00770466 0.00781047 0.00791627 0.00800768 0.00805735 0.00810701 0.00815668 0.00820635 0.00825112 0.00826895 0.00828678 0.00830462 0.00832245 0.00833937 0.00833937 0.00833937 0.00833937 0.00833937 0.00833937 0.00832245 0.00830462 0.00828678 0.00826895 0.00825112 0.00820635 0.00815668 0.00810701 0.00805735 0.00800768 0.00791627 0.00781047 0.00770466 0.00759886 0.00749305 0.00733404 0.00714523 0.00695642 0.00676761 0.00657881 0.0063357 0.00604605 0.0057564 0.00546675 0.00517709 0.00484545 0.00445947 0.00407348 0.0036875 0.00330152 0.0028958 0.0024506 0.0020054 0.00156021 0.00111501 0.000672374 0.000238284 -0.000195806 -0.000629897 -0.00106399 -0.00148522 -0.00181899 -0.00215277 -0.00248655 -0.00282032 -0.00314949 -0.00330354 -0.00345758 -0.00361163 -0.00376567 -0.00391972 -0.0038748 -0.0038133 -0.0037518 -0.0036903 -0.0036288 -0.00341568 -0.00316939 -0.00292311 -0.00267682 -0.00243053 -0.00211925 -0.00178245 -0.00144564 -0.00110883 -0.000772017 -0.000456068 -0.000153156 0.000149756 0.000452668 0.00075558 0.000988126 0.00115382 0.00131952 0.00148522 0.00165092 0.00174472 0.00173518 0.00172564 0.0017161 0.00170655 0.00165551 0.00151107 0.00136664 0.00122221 0.00107777 0.000924698 0.000738146 0.000551595 0.000365043 0.000178492 -2.67582e-06 -0.000136734 -0.000270793 -0.000404852 -0.00053891 -0.000672969 
-18.593 -0.0005614 -0.000412167 -0.000262934 -0.000113701 3.55313e-05 0.000184764 0.000365043 0.000548871 0.000732698 0.000916525 0.00110035 0.00123209 0.00135039 0.00146868 0.00158698 0.00170527 0.00171862 0.00168532 0.00165202 0.00161871 0.00158541 0.00144942 0.00124199 0.00103455 0.000827121 0.000619689 0.000356388 3.42791e-05 -0.00028783 -0.000609939 -0.000932048 -0.00125278 -0.0015713 -0.00188982 -0.00220834 -0.00252686 -0.00280897 -0.00299836 -0.00318775 -0.00337715 -0.00356654 -0.00371828 -0.00369785 -0.00367743 -0.003657 -0.00363657 -0.00359938 -0.00336096 -0.00312254 -0.00288412 -0.0026457 -0.00240727 -0.0020134 -0.00161543 -0.00121746 -0.000819492 -0.000421524 3.33321e-05 0.000496554 0.000959775 0.001423 0.00188622 0.00232831 0.00276405 0.0031998 0.00363555 0.0040713 0.00444633 0.004791 0.00513568 0.00548035 0.00582502 0.0061046 0.00633388 0.00656316 0.00679243 0.00702171 0.00720217 0.00732568 0.00744918 0.00757269 0.0076962 0.00779245 0.00784004 0.00788762 0.00793521 0.0079828 0.00801996 0.00802688 0.0080338 0.00804072 0.00804764 0.00805279 0.00804819 0.0080436 0.00803901 0.00803442 0.00803006 0.00803006 0.00803006 0.00803006 0.00803006 0.00803006 0.00803442 0.00803901 0.0080436 0.00804819 0.00805279 0.00804764 0.00804072 0.0080338 0.00802688 0.00801996 0.0079828 0.00793521 0.00788762 0.00784004 0.00779245 0.0076962 0.00757269 0.00744918 0.00732568 0.00720217 0.00702171 0.00679243 0.00656316 0.00633388 0.0061046 0.00582502 0.00548035 0.00513568 0.004791 0.00444633 0.0040713 0.00363555 0.0031998 0.00276405 0.00232831 0.00188622 0.001423 0.000959775 0.000496554 3.33321e-05 -0.000421524 -0.000819492 -0.00121746 -0.00161543 -0.0020134 -0.00240727 -0.0026457 -0.00288412 -0.00312254 -0.00336096 -0.00359938 -0.00363657 -0.003657 -0.00367743 -0.00369785 -0.00371828 -0.00356654 -0.00337715 -0.00318775 -0.00299836 -0.00280897 -0.00252686 -0.00220834 -0.00188982 -0.0015713 -0.00125278 -0.000932048 -0.000609939 -0.00028783 3.42791e-05 0.000356388 0.000619689 0.000827121 0.00103455 0.00124199 0.00144942 0.00158541 0.00161871 0.00165202 0.00168532 0.00171862 0.00170527 0.00158698 0.00146868 0.00135039 0.00123209 0.00110035 0.000916525 0.000732698 0.000548871 0.000365043 0.000184764 3.55313e-05 -0.000113701 -0.000262934 -0.000412167 -0.0005614 
