A =
-736.41 -80.9046 360.386 -930.72 376.233 527.379 509.66 798.826 831.211 -386.157
-80.9046 -561.225 873.044 61.4736 864.515 -904.885 -854.344 -878.634 -69.2906 28.5563
360.386 873.044 40.8657 -984.573 55.9199 -342.247 772.877 11.0204 -899.636 695.274
-930.72 61.4736 -984.573 -866.054 310.397 515.781 -125.469 -360.685 543.424 686.315
376.233 864.515 55.9199 310.397 405.126 -267.893 -42.6667 -10.1133 -748.779 -167.585
527.379 -904.885 -342.247 515.781 -267.893 968.946 -449.11 -818.179 379.605 -62.3339
509.66 -854.344 772.877 -125.469 -42.6667 -449.11 -666.334 -852.213 261.551 -642.647
798.826 -878.634 11.0204 -360.685 -10.1133 -818.179 -852.213 -230.212 453.663 145.547
831.211 -69.2906 -899.636 543.424 -748.779 379.605 261.551 453.663 780.622 -933.763
-386.157 28.5563 695.274 686.315 -167.585 -62.3339 -642.647 145.547 -933.763 -1.08877

V =
0.273527 0.43957 -0.533912 0.105681 0.12007 -0.430081 0.0483157 -0.218096 -0.406892 -0.144511
-0.489701 0.281114 -0.0783751 -0.283597 0.552287 0.0248124 0.407064 0.136595 0.000684404 0.323422
0.307688 -0.0299927 0.521521 0.116516 0.396326 -0.0373678 -0.145663 -0.448167 -0.249319 0.419721
0.244228 0.595412 0.281868 0.461906 0.0940531 0.0895742 0.143961 0.250025 0.419688 -0.129555
0.0369877 -0.326078 0.0884105 0.316283 -0.250548 -0.50173 0.613098 0.116365 0.00479196 0.283714
-0.279111 -0.0139872 0.183678 -0.12629 0.0971386 -0.427366 0.0336221 -0.545511 0.450325 -0.422647
-0.513684 0.109152 -0.0280943 0.538685 -0.225334 0.369759 0.116797 -0.397503 -0.270632 -0.0292363
-0.402969 0.183542 0.381097 0.0643465 -0.0966194 -0.447651 -0.41288 0.388381 -0.345346 -0.0652127
0.0470447 -0.397351 0.0801509 0.228108 0.523529 0.0976634 0.18295 0.212963 -0.276938 -0.585065
-0.152698 -0.24965 -0.404178 0.468115 0.328994 -0.154818 -0.442064 0.0713063 0.352313 0.273917

w =
-3279.93
-2441.26
-1813.16
-526.245
-39.5728
521.902
949.752
1061.15
1773.51
2928.1

Vt A V =
-3279.93 -1.51019e-10 -5.44134e-10 -1.61216e-09 -4.6166e-09 -1.58309e-11 3.41061e-13 1.13072e-05 -4.31335e-07 5.66696e-08
-1.51019e-10 -2441.26 -4.23199e-11 3.46176e-10 8.81556e-10 -1.75504e-11 -2.88473e-06 -1.59911e-06 6.11034e-08 -2.85212e-09
-5.44276e-10 -4.23483e-11 -1813.16 -9.64235e-10 -3.90213e-09 -3.23723e-11 2.27374e-13 4.72148e-06 -1.59705e-07 2.36445e-08
-1.61211e-09 3.45821e-10 -9.64235e-10 -526.245 -3.0834e-08 5.40794e-11 -9.9476e-14 -1.38556e-13 -7.19909e-07 8.95826e-08
-4.6165e-09 8.81635e-10 -3.90198e-09 -3.08342e-08 -39.5728 -2.84116e-09 -8.88178e-15 -1.38667e-13 8.9706e-14 4.45952e-07
-1.57669e-11 -1.7792e-11 -3.23865e-11 5.40936e-11 -2.84124e-09 521.902 -2.4869e-13 7.10543e-15 -3.16267e-08 2.22722e-09
6.11067e-13 -2.88473e-06 0 -8.52651e-14 8.52651e-14 -1.7053e-13 949.752 -1.11627e-07 -1.48646e-11 -3.2685e-13
1.13072e-05 -1.59911e-06 4.72148e-06 -1.27898e-13 -1.27898e-13 1.63425e-13 -1.11627e-07 1061.15 5.74474e-12 -3.33955e-13
-4.31335e-07 6.11033e-08 -1.59705e-07 -7.19909e-07 1.42109e-13 -3.16267e-08 -1.4893e-11 5.94014e-12 1773.51 2.84217e-13
5.66697e-08 -2.85186e-09 2.36447e-08 8.95826e-08 4.45952e-07 2.22724e-09 -3.41061e-13 -6.11067e-13 1.13687e-13 2928.1

Vt A V equals D: true

V D Vt =
-736.41 -80.9046 360.386 -930.72 376.233 527.379 509.66 798.826 831.211 -386.157
-80.9046 -561.225 873.044 61.4736 864.515 -904.885 -854.344 -878.634 -69.2906 28.5563
360.386 873.044 40.8657 -984.573 55.9199 -342.247 772.877 11.0204 -899.636 695.274
-930.72 61.4736 -984.573 -866.054 310.397 515.781 -125.469 -360.685 543.424 686.315
376.233 864.515 55.9199 310.397 405.126 -267.893 -42.6667 -10.1133 -748.779 -167.585
527.379 -904.885 -342.247 515.781 -267.893 968.946 -449.11 -818.179 379.605 -62.3339
509.66 -854.344 772.877 -125.469 -42.6667 -449.11 -666.334 -852.213 261.551 -642.647
798.826 -878.634 11.0204 -360.685 -10.1133 -818.179 -852.213 -230.212 453.663 145.547
831.211 -69.2906 -899.636 543.424 -748.779 379.605 261.551 453.663 780.622 -933.763
-386.157 28.5563 695.274 686.315 -167.585 -62.3339 -642.647 145.547 -933.763 -1.08876

V D Vt equals A: true

V Vt =
1 -2.91434e-16 1.17961e-16 2.63678e-16 -1.73472e-16 -8.32667e-17 -2.01228e-16 -2.7929e-16 1.11022e-16 -2.08167e-17
-2.91434e-16 1 -2.22045e-16 -1.73472e-16 -6.93889e-17 2.77556e-16 1.59595e-16 3.26128e-16 2.77556e-17 1.66533e-16
1.17961e-16 -2.22045e-16 1 -9.71445e-17 -5.55112e-17 8.32667e-17 -1.92554e-16 -7.97973e-17 0 -8.32667e-17
2.63678e-16 -1.73472e-16 -9.71445e-17 1 -2.01228e-16 2.84495e-16 4.42354e-17 1.12757e-16 -5.55112e-17 -2.22045e-16
-1.73472e-16 -6.93889e-17 -5.55112e-17 -2.01228e-16 1 -1.66533e-16 5.72459e-17 -4.85723e-17 2.77556e-17 -1.11022e-16
-8.32667e-17 2.77556e-16 8.32667e-17 2.84495e-16 -1.66533e-16 1 3.29597e-17 1.66533e-16 -1.94289e-16 3.33067e-16
-2.01228e-16 1.59595e-16 -1.92554e-16 4.42354e-17 5.72459e-17 3.29597e-17 1 5.81783e-16 4.85723e-17 3.10516e-16
-2.7929e-16 3.26128e-16 -7.97973e-17 1.12757e-16 -4.85723e-17 1.66533e-16 5.81783e-16 1 0 -5.13478e-16
1.11022e-16 2.77556e-17 0 -5.55112e-17 2.77556e-17 -1.94289e-16 4.85723e-17 0 1 -8.32667e-17
-2.08167e-17 1.66533e-16 -8.32667e-17 -2.22045e-16 -1.11022e-16 3.33067e-16 3.10516e-16 -5.13478e-16 -8.32667e-17 1

Vt V =
1 -1.80411e-16 -2.15106e-16 -2.77556e-16 -7.63278e-17 -3.05311e-16 -2.22045e-16 -1.5439e-16 -2.08167e-17 -2.56739e-16
-1.80411e-16 1 8.32667e-17 9.71445e-17 1.249e-16 -1.73472e-16 -2.77556e-17 1.73472e-17 -5.55112e-17 -3.747e-16
-2.15106e-16 8.32667e-17 1 -5.55112e-17 -1.11022e-16 -2.77556e-17 -1.66533e-16 6.93889e-17 -1.11022e-16 1.249e-16
-2.77556e-16 9.71445e-17 -5.55112e-17 1 -3.60822e-16 2.35922e-16 -2.77556e-17 -5.34295e-16 -2.498e-16 -2.498e-16
-7.63278e-17 1.249e-16 -1.11022e-16 -3.60822e-16 1 -1.11022e-16 1.38778e-16 -2.42861e-16 8.32667e-17 2.08167e-16
-3.05311e-16 -1.73472e-16 -2.77556e-17 2.35922e-16 -1.11022e-16 1 -2.77556e-17 1.40513e-16 -1.38778e-17 8.32667e-17
-2.22045e-16 -2.77556e-17 -1.66533e-16 -2.77556e-17 1.38778e-16 -2.77556e-17 1 3.33067e-16 -5.55112e-17 1.52656e-16
-1.5439e-16 1.73472e-17 6.93889e-17 -5.34295e-16 -2.42861e-16 1.40513e-16 3.33067e-16 1 -6.93889e-18 -2.42861e-16
-2.08167e-17 -5.55112e-17 -1.11022e-16 -2.498e-16 8.32667e-17 -1.38778e-17 -5.55112e-17 -6.93889e-18 1 -4.16334e-17
-2.56739e-16 -3.747e-16 1.249e-16 -2.498e-16 2.08167e-16 8.32667e-17 1.52656e-16 -2.42861e-16 -4.16334e-17 1

Optimized version gives same result: true


