A =
-73.641 -98.4573 -90.4885 -12.5469 -1.01133
-8.09046 -86.6054 -34.2247 -4.26667 -81.8179
-56.1225 37.6233 51.5781 -44.911 -85.2213
36.0386 86.4515 -26.7893 -66.6334 -23.0212
87.3044 5.59199 96.8946 79.8826 83.1211
4.08657 31.0397 50.966 -87.8634 -6.92906
-93.072 40.5126 -85.4344 1.10204 -89.9636
6.14736 52.7379 77.2877 -36.0685 54.3424

QR decomposition:
R =
162.098 37.779 124.459 45.4562 127.239
0 173.418 54.9802 -67.4716 -19.3006
0 0 139.582 -5.85677 28.1178
0 0 0 124.028 32.1807
0 0 0 0 118.756

Q =
-0.454298 -0.468778 -0.0585563 -0.192443 0.46806
-0.0499108 -0.48853 -0.00826275 -0.28226 -0.636436
-0.346224 0.292377 0.563069 -0.0495702 -0.419027
0.222326 0.450082 -0.567449 -0.400676 -0.115981
0.538589 -0.0850855 0.247455 0.412074 -0.0612128
0.0252104 0.173496 0.274316 -0.610318 0.0432743
-0.57417 0.358695 -0.241398 0.403049 -0.136132
0.0379236 0.295847 0.403363 -0.124719 0.403339

Q.T Q =
1 -5.20417e-18 1.40513e-16 8.41341e-17 1.19696e-16
-5.20417e-18 1 -9.71445e-17 2.08167e-17 5.55112e-17
1.40513e-16 -9.71445e-17 1 -1.38778e-17 -5.55112e-17
8.41341e-17 2.08167e-17 -1.38778e-17 1 2.77556e-17
1.19696e-16 5.55112e-17 -5.55112e-17 2.77556e-17 1

QR =
-73.641 -98.4573 -90.4885 -12.5469 -1.01133
-8.09046 -86.6054 -34.2247 -4.26667 -81.8179
-56.1225 37.6233 51.5781 -44.911 -85.2213
36.0386 86.4515 -26.7893 -66.6334 -23.0212
87.3044 5.59199 96.8946 79.8826 83.1211
4.08657 31.0397 50.966 -87.8634 -6.92906
-93.072 40.5126 -85.4344 1.10204 -89.9636
6.14736 52.7379 77.2877 -36.0685 54.3424

QR is equal to A: true

det(A) = 717.8822308363726

b =
-1238.3
-10157.4
-1710.45
-4937.43
6321.99
-2321.63
-700.393
6168.91

Solution to Ax=b:
correct x =
-74.8779
37.9605
26.1551
45.3663
78.0622

x =
-74.8779
37.9605
26.1551
45.3663
78.0622

Ax =
-1238.3
-10157.4
-1710.45
-4937.43
6321.99
-2321.63
-700.393
6168.91

B =
-38.6157 -6.23339 49.9514 -44.9749 30.6669
2.85563 -64.2647 78.4961 -16.9792 36.5359
69.5274 14.5547 68.7375 42.2417 -22.3032
68.6315 -93.3763 -57.3664 -51.9239 -70.4357
-16.7585 -0.108877 -73.8635 -36.3678 69.4461

Inverse of B:
B^-1 =
0.00261292 -0.00281303 0.0141837 0.00396205 0.00889984
0.0119346 -0.0130958 0.00906365 -0.00108432 0.00343061
0.00665439 0.00145263 0.0036723 -0.000867593 -0.00340334
-0.0209557 0.00998626 -0.00676439 -0.00652276 -0.00478806
-0.00324723 0.00607532 0.00380047 -0.00338423 0.0104255

B^-1 B =
1 2.38091e-16 2.22045e-16 2.77556e-16 -3.33067e-16
3.60822e-16 1 4.44089e-16 4.02456e-16 -2.498e-16
8.32667e-17 1.867e-16 1 1.249e-16 -2.77556e-17
-3.60822e-16 -5.8612e-16 -1.27676e-15 1 1.66533e-16
2.498e-16 -1.32273e-16 -3.33067e-16 -5.55112e-17 1

B B^-1 =
1 2.38091e-16 2.22045e-16 2.77556e-16 -3.33067e-16
3.60822e-16 1 4.44089e-16 4.02456e-16 -2.498e-16
8.32667e-17 1.867e-16 1 1.249e-16 -2.77556e-17
-3.60822e-16 -5.8612e-16 -1.27676e-15 1 1.66533e-16
2.498e-16 -1.32273e-16 -3.33067e-16 -5.55112e-17 1

