A =
-73.6924 -98.4604 -90.5071 -12.7177 -1.20466
-8.26997 -86.6316 -34.3532 -4.45365 -81.8534
-56.2082 37.3545 51.2821 -45.0186 -85.2502
35.7729 86.0873 -26.9323 -66.6986 -23.1716
86.9386 5.38576 96.5101 79.5313 82.7635
3.88327 30.7838 50.6712 -87.8871 -7.11084
-93.0856 40.2381 -85.4628 0.904579 -89.9832
5.94004 52.4396 76.9414 -36.1934 54.0409

R =
161.9 37.7138 124.197 45.6596 127.198
0 173.001 54.7752 -67.3192 -19.2295
0 0 139.31 -5.96856 28.0258
0 0 0 123.955 32.2543
0 0 0 0 118.527

Q =
-0.455172 -0.469906 -0.0591265 -0.192985 0.468567
-0.0510807 -0.489623 -0.00854134 -0.283437 -0.636054
-0.347178 0.291606 0.562972 -0.0498231 -0.418916
0.220957 0.449445 -0.567028 -0.402691 -0.116044
0.536989 -0.0859312 0.247825 0.409076 -0.0618672
0.0239856 0.172712 0.274437 -0.610848 0.0436229
-0.574957 0.357929 -0.241623 0.401842 -0.136309
0.0366895 0.29512 0.403556 -0.125794 0.403253

QR =
-73.6924 -98.4604 -90.5071 -12.7177 -1.20466
-8.26997 -86.6316 -34.3532 -4.45365 -81.8534
-56.2082 37.3545 51.2821 -45.0186 -85.2502
35.7729 86.0873 -26.9323 -66.6986 -23.1716
86.9386 5.38576 96.5101 79.5313 82.7635
3.88327 30.7838 50.6712 -87.8871 -7.11084
-93.0856 40.2381 -85.4628 0.904579 -89.9832
5.94004 52.4396 76.9414 -36.1934 54.0409

Q.T Q =
1 -4.68375e-17 -1.97758e-16 -1.60462e-16 -1.37043e-16
-4.68375e-17 1 5.55112e-17 -2.77556e-17 8.32667e-17
-1.97758e-16 5.55112e-17 1 -6.93889e-18 -2.77556e-17
-1.60462e-16 -2.77556e-17 -6.93889e-18 1 6.93889e-18
-1.37043e-16 8.32667e-17 -2.77556e-17 6.93889e-18 1

correct x =
-74.9269
37.6911
25.9087
45.0824
77.7144

x =
-74.9269
37.6911
25.9087
45.0824
77.7144

b =
-1201.41
-10097.6
-1706.63
-4941.11
6206.78
-2332.64
-675.21
6092.96

Ax =
-1201.41
-10097.6
-1706.63
-4941.11
6206.78
-2332.64
-675.21
6092.96

B^-1 =
0.00260214 -0.00281003 0.0143383 0.003928 0.00899436
0.0119519 -0.0131182 0.0091298 -0.0011024 0.00346676
0.00666297 0.00145785 0.00371496 -0.000880983 -0.00338843
-0.0209795 0.0099966 -0.00691484 -0.00649029 -0.00488086
-0.00326168 0.00609153 0.00387249 -0.00341214 0.0104851

B^-1 B =
1 4.22839e-16 0 3.88578e-16 -2.22045e-16
4.78784e-16 1 1.11022e-16 6.38378e-16 -4.71845e-16
1.73472e-16 2.21828e-16 1 3.05311e-16 -1.66533e-16
-7.21645e-16 -6.72856e-16 -3.33067e-16 1 6.10623e-16
0 -6.50521e-17 -1.11022e-16 -1.11022e-16 1

B B^-1 =
1 4.22839e-16 0 3.88578e-16 -2.22045e-16
4.78784e-16 1 1.11022e-16 6.38378e-16 -4.71845e-16
1.73472e-16 2.21828e-16 1 3.05311e-16 -1.66533e-16
-7.21645e-16 -6.72856e-16 -3.33067e-16 1 6.10623e-16
0 -6.50521e-17 -1.11022e-16 -1.11022e-16 1

