a = 142.404
da = 5.04136
lambda = 0.170624
dlambda = 0.00715662

